10000 224 12 0.112374324256272 1 0
12.4473537956614 7.65950669032568 -1.83323956558078 6.21363555283661 4.16274303750605 -9.7947480434505 -15.8137955364766 0.167592541273784 5.76319819203623 3.18495736881192 2.55381073701847 -0.632102886990053
6.94747565985014 4.0934179348439 3.77991690819226 -0.864815658071411 2.49000953239541 -12.4786747936625 -10.1636694339841 2.40887177305317 4.25132718095996 -1.44583208992653 -1.13950409008578 -0.821243414882016
7.5960681449238 -4.90695058709886 1.25945888916988 -8.73500273710389 4.02461644141227 0.581571806820977 -3.46180684710867 2.65317502524735 1.38026485845996 15.9809118256035 0.924833443058943 -1.01132997668033
6.95479457603182 -8.65148312482675 4.57312808770427 -1.58431460502922 -2.91739137397766 -9.13189768886703 9.91693066500051 5.9217845489849 3.77571398497664 24.3679992642928 -3.0181094470382 -1.0637359439485
3.99415718077597 -0.549756261164571 2.89261463668165 2.97443501233773 1.21750324399929 -0.944889995980029 -4.63702607593997 1.27703188702443 1.38921826892853 2.92441460756538 -1.24005561343849 1.98412144614346
-0.446774262305055 -2.699261323593 -0.533928637487645 0.658901118478408 0.314280619583266 -1.18331658147258 0.682343280037465 -0.570021660149749 0.529532857718412 -5.71021371381149 -0.587643510707541 0.934381705909079
-0.469385832755532 -10.7378957866209 10.924007355453 -5.48808799840334 -9.74082154183861 -4.62514180577889 10.7606637853813 5.54852609754677 1.30916581434886 5.28350782952511 -1.11581035846681 -3.6095462925997
2.41714667271258 1.96787867284655 2.53327203443036 2.3835514238634 3.18518942413117 -5.94776966594071 -7.42052051066715 0.146984295075129 1.1871624680117 -3.24585437176512 1.9011047859232 4.125476600755
-2.32803709636066 9.63671081236949 -1.30142227335078 5.39245069996343 -9.70896643538289 -1.60107863964422 1.44931866918192 4.92271155350044 2.95910856943304 -2.18727742126858 1.28469499088334 -3.07788876904371
4.55048294456677 5.42143144112354 3.01185591984555 -3.9739724394831 5.44274393371163 0.747870949525556 -11.4880035414345 2.224590134035 -0.419355683496563 8.61772168287919 -0.943130610387257 1.09340957046375
1.19940752065073 -4.24266823256419 0.498717177270169 0.59946193143826 -0.226550301469453 0.236021466053198 2.18480129184903 0.590386095105534 0.0381086127199837 0.274474778820287 -0.609557624123166 -0.379633177851028
2.01349501389981 1.16383560584982 1.90801630602588 2.35521208484385 2.82344010236422 3.2333139407968 -12.7536898239483 0.432751530746882 0.955782309817195 -1.30516918540608 0.138005412652304 -0.202105611215185
4.66255855189032 -6.87598708733991 0.340966212513965 0.739567058496864 4.82281165474701 3.64970315862652 3.73797853355959 1.78359082989964 5.05833864517806 14.2401780058536 -1.14379582738131 -3.8762641067195
6.26475368227783 -4.39596345274814 -10.220580168559 2.4121680526593 -4.89400830092323 -2.32053297235262 10.6013919691583 2.50905707502115 2.57290572744756 11.6229670123579 0.162554028665543 2.80835673046856
1.12262473116508 -10.9045913585149 2.8938399081554 0.397878380512301 2.14123672280249 1.07007037855162 1.61175032819168 -2.39039308672334 -0.00472962514301711 0.674939404109863 -0.0764016806987551 3.20925591976614
-4.69051927981201 0.820895816433622 -6.61143412028066 -8.447501380915 -6.18221641052433 10.2356295437418 8.26167857688736 3.04552929207041 2.84463930117166 16.8027658940951 -1.42399896569033 -3.7973261085958
-0.370502831185895 2.94448799902031 -0.512769260317831 -3.96188417971068 -3.76223124773137 3.46292569660474 0.673510357773243 3.56814469328912 1.65781427051124 1.65559503719495 0.841035065998843 -2.31374279242085
6.88214926518379 -7.49802238700554 5.36186159869039 6.69913965377673 4.66482353159259 3.11038054490688 -5.56306489681749 -2.97398467542059 -1.66478261638211 -1.32573326798798 -0.293340311808622 0.387216514545201
-1.08309801305963 4.76082432057328 -3.76167954764204 4.51127517657155 3.42621919073708 -5.91140949066919 4.19275059615668 6.12617228323772 4.99044456179665 16.3955642226553 -1.03733628673509 -0.436163497174506
12.7211504419141 -7.75824849952207 -1.5899687868196 9.24272342207999 4.48524401415025 3.30517359547431 -7.66277048060907 1.9668158572214 -2.29436708057088 -8.4072285157408 -1.29314940470766 0.862077339586624
-0.216072091588835 -8.17435919165841 3.87524199790094 1.49754082365317 4.76372780532809 1.34722058331215 -3.43738986297807 -0.861687175755545 -0.711432669956821 0.56707103467647 0.553633087244093 -0.0368027115931405
1.2063367732959 2.13597565561748 -1.11759427675248 1.09605098069417 0.610419197726269 0.288791309077313 -1.13758091663773 0.706316126462913 1.29716344137282 1.12606418301171 0.745055664762915 0.321231119882416
-0.851373174656602 0.379679780622711 -1.37344901991826 2.20444233113659 4.35766130093017 -3.34075892137928 -0.208750265091904 0.895860958118199 0.0896874703699763 9.30501803278234 -0.530418784761904 -0.741733170383873
1.15571397915877 3.61258061197889 1.15141611510267 0.446629901302108 0.346201393614244 6.72153488272163 -10.1856792706743 1.11045242964376 -1.09481741995211 -2.09366459460387 0.791961894936448 0.0603530940979424
8.71799834172828 -7.43311742317448 0.956703597348027 14.4205947068194 -6.07930375067229 -5.54333130358871 3.11274491057849 -4.40076661907941 -0.704467283014011 -3.35544644948207 1.87439614119668 4.23042838407248
17.3821186773685 0.390438754308615 2.227851276111 14.0279848777787 8.59024651719819 -9.68150346217983 -17.3035100250925 1.48694861339425 4.0243339684238 18.9445132221263 -1.57373447713375 1.31932361452822
2.58308182248217 4.40924819786103 -5.46554490007157 -6.4949991240917 3.87768499477115 2.79619018658209 -3.31747988540067 2.33380317745435 1.73816644418227 -6.90500513984138 -0.731681230193438 1.28106776863196
4.74679166276076 -5.08469989944831 -2.86172227711742 1.74946412561257 5.98413780507968 2.84827947883557 3.86254954227378 -2.5446412110916 0.610048165867245 -5.46390449319791 0.297623735823282 3.05366878269026
3.35497724659447 -6.25092438920949 6.13610031247978 -5.98618797667374 -4.6617133334762 4.86441856329669 1.41254414249428 1.25391217036868 2.78891490678099 8.08692610050978 0.181514069152957 -0.894594003086407
1.65148587448276 -0.215282391133439 3.60016179448025 0.179835970979042 -0.840457986547691 0.202191931565307 1.85088481986853 0.712159477563032 -2.40576808155619 3.83330328598768 -0.112766284948012 -0.434887200304564
-2.86961395844742 0.492221342633086 -1.02614988449853 -1.46432393540159 -5.71480199466184 3.68728835109165 4.3253142931078 -0.341410121557024 -2.57213281521986 19.2320572576454 -0.674230303886928 -0.961025277355426
5.99554534503849 2.91623748983507 -5.3334460676651 4.73266071796042 -1.15438916474172 2.80387221646448 -5.33230366632775 8.25307012367918 -0.560689104519185 2.97099923584284 -0.903407273178795 -2.97853562552325
-3.29613612549726 -6.01496588597696 -0.337871655751312 0.591641965637586 0.117552202257393 -5.48637119789504 5.34437564394417 3.88483835091657 0.738215073385062 8.51280940752794 0.970122941151931 -0.974243184819789
2.16198538201561 -1.98447879171146 1.00916301125566 -9.13019690095247 3.62262208449453 6.01071759737542 -3.03514339961357 -1.51506970984507 0.76962481238142 -5.91669151325484 -0.146161935766685 0.708952713825587
1.73011950765501 -0.714934129956105 2.0598018432272 2.74477451812054 1.46423182745134 0.0819442422241278 -9.20094559286663 0.879107313274673 -0.667454168558888 2.47112028730698 0.892034991338862 -0.316280887206124
1.052669705559 0.923437401812649 -0.153332558446183 -0.379888026327357 -2.05365288149982 0.630197091813545 0.380096477845588 0.833495036011896 -1.93198558633109 0.972197540444641 -0.779539714609587 -0.395544810657949
0.552710548370764 -10.8657087049298 11.6384120109516 0.232281847148698 10.7742851434724 -7.12789760573903 -1.5586985083914 6.01352656583558 2.87990116102379 21.0422726566642 -0.359716259061946 -2.93737503564675
3.84532833215765 2.50091725863885 -5.82164262086468 -7.12656719647669 2.26050311098887 5.35413291478907 -1.30856796964122 3.41929746826433 -0.444206436621061 -1.60148086743812 -1.87141913296172 -3.2367589062298
-1.70712055052062 -4.92567270773867 0.635736664745718 -8.63460043804111 -14.570070751755 9.17037512317868 17.763354756062 5.79084420809636 -2.04654261714771 7.53657942191977 0.621815709647757 -4.48164818185483
6.39832780143429 -3.68382489456025 -5.70272147750668 0.0292032308026905 -0.470694674348142 5.02583644874497 6.32058020936888 -2.70324692111529 -0.0243398621465299 -0.099639402786125 1.1281277904457 -0.229704608027416
3.61900431011835 1.25544877990218 3.58783056104693 6.02194924279362 11.235030921814 -1.84148876222608 -1.23909247368015 2.95981330385197 0.044359795938214 11.0122089443146 -0.747985787067817 1.24758351338069
4.2464431854142 -0.260158336446417 -6.61851866024905 9.57964441079991 4.50496516818171 -2.95863562932472 0.77393545585858 1.26920730046156 0.640164033495877 6.36192580085645 -1.71812996769746 1.89875162559116
2.97884596963086 4.07030962428905 -6.2468055627353 3.12626081976861 3.10904559072163 0.186740894721455 1.39015160486192 1.33192832248841 -1.29464764363323 -14.0781623550492 -2.07913320226721 -0.730818339468551
-2.56376905481783 8.13993892372052 -0.0699198784203219 4.12610139801729 -9.71539912095055 -4.98589480557549 -4.32633691026774 3.15281349627702 -0.333080318257145 6.45522374795444 -1.2071798390968 -0.0118717146818164
6.90534204847994 -2.54413403517873 2.73575159474238 -6.89019920560838 0.29236726205428 -1.54237048008022 3.86229455988235 4.52510573782484 -1.24622879796034 6.98415734565832 -1.17207786961814 -2.85753060141613
1.53388398868283 -1.31196270296994 7.55745534700238 6.97470942313734 -17.9322028600861 -3.98924584190505 7.04013835103277 4.60668006089923 2.51284905292576 15.7603385426848 -0.43743508152252 1.17902689241431
0.571334427127773 2.01919984135105 4.61420736994342 -10.6182052041056 -1.25976151457145 -1.87979147745885 -5.90128813412352 6.03442999911 1.47006097723372 4.61438784877303 1.82123434673804 -4.35587373971762
1.41937260824712 2.35713896506496 -2.43181493644235 0.715599504557988 5.66718444107066 1.55188089358123 -3.20956987512157 -1.26227958048597 1.36144968644856 -3.41320369715589 -0.618362131835965 -0.220259201239858
6.49500441231049 -4.41646505170347 3.75083170709687 6.35990434602713 -2.59893021933947 -10.9642926174473 7.34130638870559 4.51462218054505 8.9526456173187 10.47369078129 -1.00313283746583 -2.31223668799074
0.00121759394709581 -1.61376371290835 1.80480038259545 -1.10781801298623 -1.12007248217608 0.205236036561988 1.26187165589802 0.678449872010291 -1.23828967826226 -2.73080756921628 2.60182888048704 -0.682018227228639
8.89233243785462 -8.90849751009055 0.601025962582888 13.4521349781717 -13.1761976094942 -8.95045186731623 6.88122254044129 6.11699606954572 7.85609064237368 13.1086636015166 -3.69849040386025 -1.72088414432524
11.5079283857898 -3.82334311414169 -0.661976214311873 7.9871593798866 10.052941145426 -7.11788299953931 -9.47162850603164 0.60415041500249 1.20745774702907 8.10753020763363 -1.06057266174033 2.20036617652761
1.74432418817231 3.40593092377125 -4.40040964319724 7.10843829908991 -9.50929669875525 -6.94740297933203 5.29731971791242 -1.64305569891142 -0.850890232932567 -0.983691886678862 1.75071458437311 -1.5003076418335
0.263480734424801 -1.98901433794049 2.34761040540214 10.1800573712469 0.0150187205368405 -18.0535101660764 8.07676684684129 5.55748907038686 6.45596852405698 7.07202830054844 1.0155322005876 -1.34109582105493
-3.18273581255101 4.0590868065506 1.30456964729187 8.5924524805342 -2.96331442572608 -4.81534283502918 3.34386963404325 0.203574442860318 -0.756825030543614 -2.10437227033067 -2.24116695810964 -2.04403505447797
3.70194426053905 -7.85304251922101 2.24444356940055 7.98869851956512 0.677346898633298 3.17796418196514 -12.430126052741 3.38968645595629 7.05591377864809 0.104518816597775 2.27471549544524 -2.49498489828471
-0.51882243782829 7.85588126089543 -3.79578942387879 10.3271606258604 8.91925005353714 -6.32840310246511 -3.70280520287148 3.6343308489721 -0.042740972665853 -1.65706839652012 0.351940652410227 -1.83791828466749
-2.2861358546952 3.18988353854069 -2.5952865507216 2.68157725823992 -11.4995868326189 3.32424182250189 7.10262127342552 0.924301988605855 -3.74652091855173 8.48242857122522 -1.02651958524775 -1.25781984910494
-2.36575687588891 6.47602432438738 -1.80659043736648 -0.415495083123836 -3.85178454543829 -7.5050605836305 1.59628151952871 7.73832236639451 2.45169553611409 3.56552958545577 -0.482926799835953 -1.30641158724606
-4.03865191224461 -12.3667446004663 0.28648184023726 4.32831814753858 2.01665038641694 5.34245797668838 4.52493236372579 2.95345586568485 3.1532008852987 1.13210173420733 0.22491413430246 -3.25932395510907
10.394303036224 -9.37495942316056 -4.57363058000383 21.1643265315917 5.88811753253635 -4.25027323913814 -1.26805253559947 -2.13244440093711 -0.00611491454690527 -13.1173709867896 0.298852691395184 2.73261714896364
0.364770092079347 -0.222465761356414 0.276346042444157 -0.154290234160035 1.45825001627968 -1.31260029052024 0.0533021430127947 0.558636820652285 -0.551225394872092 -0.337861931545025 -0.299696243258642 -0.301109024342586
3.89303995060168 2.28941734646316 4.16536212627618 1.72355837997087 1.40733260772482 -6.64450231684473 -6.73082220284574 2.60181102820951 4.52066284577501 6.56480928426684 -1.01120195566702 0.178234166787444
-5.20970041231311 -1.58266923350385 -4.41747901641795 -4.93245403565966 -7.9231505854384 5.07305373986809 15.1230330421883 2.27216455988529 0.864774329790965 16.0466271612029 -1.64478095539133 -2.07786143949896
8.25150829425159 -7.04129843166953 1.82191920488179 5.6310433232153 5.16238275752262 5.45653342370391 -4.74109674920514 2.56004123750479 8.08001613851922 13.5267323034608 -2.36921470634617 -4.13496634456307
2.64798308150955 6.15682527511966 -2.31852773869284 10.5102021019469 -13.8927912837234 -11.3155841336062 8.13038647637363 5.49659950679195 6.51450959442348 12.7599302386415 -1.27719749906684 -1.3906385481159
1.06595047869808 9.90970447181314 3.05359428404489 10.2132703910277 -8.68397901363381 -2.60373784020833 -11.4523763291666 5.73557068627865 2.95370229924913 -0.590507461363962 -0.314596024379592 -2.25339436442854
12.1122960996682 -6.53334461157831 6.56762088218884 18.0543955529943 -4.22569852026966 -5.51613838396621 -13.1128919454139 2.26866962619379 2.12250016173735 5.93517435710862 -1.49607439195516 1.78380594482925
1.29738386009174 -4.65400585832017 -0.233227832182372 -1.08867408152902 0.12863996371636 1.98284335413119 1.2451105121754 0.646365775449113 -1.64063085929114 3.30690233308704 -0.340980487544671 -0.592279899321497
3.49331842722174 1.87360714452893 -1.33970537991242 -5.83126654372445 2.17850494221598 2.17345940343066 -1.35459683970845 1.14223421921464 -1.25779470817717 -7.76198087358705 -1.39087754367591 -0.317821451258348
14.3163955400895 -2.11766161199291 1.78185469103128 4.38782075651356 -1.07989835659613 -11.9878298081974 1.44825583217497 4.57462647684855 8.27386746296237 1.91380494938429 -0.887553261804415 -2.46475720849509
5.59836376458999 5.70942206582469 -2.28213553433444 14.2576188753239 -2.96573983490888 -0.726335820967283 -10.4105595352397 0.484533418763851 -0.767714550184115 0.277888466465687 -0.431194735631233 0.510417293767156
-0.216348008910317 -0.486442017804316 0.286845015406965 -0.161558335746847 0.879636463451947 -0.81950731236171 0.130670913274177 -3.28991010925304 -2.89730034204653 -1.25413826976603 0.94121940282833 0.924548307761371
-1.8734462333716 -4.13983318754207 -0.30344002007244 -5.71522186991893 3.68610502851318 1.23124443169752 1.9039060997674 2.87095888798777 2.49048741787689 -6.30836212489695 2.92305683508659 -4.73345528220834
-1.5901290543136 -4.52285617626764 -6.18200024303012 5.46271705611855 -4.10760243114223 0.224353639681368 9.58536424344808 5.85174283336268 2.79024487983113 3.50662507257805 0.233924090600882 -3.77236947537874
7.90094711380745 -11.9950803477022 6.42065321658386 -1.42155338304967 -2.46838546941067 -2.54735941202815 4.57663442089165 7.63738760498104 4.95486785035386 17.13076153976 -5.25342234159144 -3.07227215325226
-1.09412342891894 -13.1567124455376 0.637600465887274 3.44813749416994 5.72377180822745 -2.78510794573485 16.2027324098063 -3.98832045174216 -3.15252184398704 -13.5626199531015 1.46029764712745 3.25920713071629
6.04640166973414 -7.18269615816144 4.28689663136254 2.96404397850049 -2.47738625313962 -1.89973334854762 -0.73365552433737 2.60908564110241 5.27235258671079 4.62162888568726 -0.889806737564255 -0.789134687717013
6.94891842700386 11.6838864537406 9.84805397149491 16.6784361390415 0.313198979773447 -4.66216765983368 -20.5046467997316 1.6697016572316 7.56079949738073 -9.76967348633941 1.04706232535034 0.268393133083086
-1.43293024232575 3.44722735739397 3.53189315294893 1.47435232259862 -2.50354502604296 -0.621500824531382 -4.30949031586361 4.91644259235157 -2.8836538695986 -1.09916756096594 1.09894537341453 -1.57562098049007
-1.30000196541816 -2.79667206407379 3.40949438718135 6.37410180923446 0.0411037798247064 3.57812124504984 -5.76856407491389 1.12922579440771 3.63045157990978 -6.40824556121988 0.510597134139741 -2.78508305205507
5.04468916057377 -4.8129159690539 9.41779620595215 0.741728788204852 -6.17997244036477 -4.95293311809841 -8.90486898556417 2.26000152085412 5.7980578245948 11.716443690476 0.404713663916534 -0.930181671899621
-0.519526347855725 -1.19699998863044 0.581326680134581 -2.71912482548519 -0.0444220337283888 5.79727536058041 2.96603338789299 -0.258991714829213 -4.37525246657334 18.1824697854982 0.0742470355362 2.83536702873971
0.824677773120997 0.150510287259991 0.083254320409849 1.03940049011646 0.12094228717247 -0.868594986606074 -0.277945809662278 0.710543456877159 -0.72497004734651 1.3138095191132 -0.457540182950719 0.419178218289723
4.19279143110401 2.35496094579743 -2.38513811546117 -3.18277764177668 2.76327356133741 2.19650771224681 -6.40487068161531 2.24965020905205 0.657446184418163 -1.71376980478001 -1.22364881306181 -2.04141201251938
-4.01470120551226 -7.45084827814798 2.65497838622501 3.6149174065341 -6.86337928069021 1.77353727087267 -0.419786058265373 3.6170945550014 -3.09527453778981 13.1224755339602 0.46364655191488 -2.56175944796064
1.41142819243804 -3.62668751026203 -1.79330976267983 9.44759140009361 6.3700813659377 -1.10543392222501 -11.0505359295 1.18846631977729 8.14950592551799 2.12127976898237 -1.84661195878993 -5.09625276382706
9.47863793473265 -12.2820324495438 -4.05819888685088 2.69904234129299 -0.48696015770207 4.76482080333579 -0.0197495769403522 3.10524489365779 3.2623900279467 1.77876222862716 -3.99369960539032 -2.41637860951077
1.53157470845396 8.49140249998359 -10.405631542278 6.33041453684837 1.03629711100708 1.9725048057097 -5.17658544747248 2.61458319135326 1.50674046228182 -0.381923577676836 -0.958345872947475 0.924144812765223
0.818132997111512 -1.97429370667282 1.22786861352245 -2.1108073353279 -1.09539277835282 -2.79315867847419 3.71935199724936 0.69822516645483 0.416252617880081 0.681591969177579 -0.543619995990272 2.16253921287217
3.05115532386013 -1.25667760405645 0.97325241024802 1.57965977176921 2.68160069067624 -1.01892187862224 -7.68715598209975 0.44440762226146 1.30674779166351 2.07396952795704 -0.418764492866696 3.7030292466928
1.86898477915882 -10.4847998200637 -3.54825823292628 -0.985660476736518 1.16658909262377 -5.56690424942178 2.11625585487277 4.8226370136355 4.37312699608323 12.8856589294605 -3.92300577724281 0.232337452851988
-1.63130324285523 -0.0671984089270781 0.197065909957971 0.8026675050258 -0.0676058209309654 0.390298494464084 -0.0579919129164052 -1.6300061758306 0.564161878533316 1.24193843678764 3.123798306749 0.905561436484533
2.8175186686446 -4.08743237845028 -1.13283901360842 5.74830680997512 0.854762388225406 -1.33959662106053 -2.55167388033951 6.19415357226336 2.62056553465179 12.3203741011426 -1.89005553583132 -2.27168743778257
1.85307061570558 0.993821853180146 1.17988249954721 1.91525705470518 3.38485906870052 -3.33122528401765 -1.66098134807421 0.786837578643503 -0.959466055677374 2.71633489713656 0.544567590276239 -0.0168670181737685
4.73763205688095 -15.2332891200609 1.44148764911475 2.06839168646 8.23471397129124 -5.09367274792987 10.4114944602969 6.96439951139183 2.80252912528906 15.4612169122762 -3.33699170860648 -0.736244302336516
-0.115076328576991 -3.67596131510687 -2.80701026031769 6.34791612620669 -5.98601752781367 -2.71034089988416 7.52788342135062 1.42956400421856 2.16108722008958 -0.802478391100329 -1.64529627806712 -0.167700761687276
1.32069515485996 3.83806115705133 7.74846113188534 11.306003305998 2.91793557506264 -9.7633517718758 -12.629066548177 3.21801164644428 9.82255122364762 16.4844117245336 -1.70814448473963 0.840102925554154
0.213296960599761 -11.0439137918439 -6.96926833950705 2.67516656005093 -7.55479376899385 -1.71150909397843 11.5121581619042 5.9583186057467 2.51888002768019 6.09316672980214 0.375974191926304 -3.25539346572964
9.54166511279731 16.0863626147814 1.22795325156577 2.44356974138403 6.19724684919651 -3.44682422077992 -14.7943622167972 2.52238170406583 1.86897997636004 3.017346815401 -1.28626812051545 0.659271268903434
4.7699051099426 -3.11871824384214 4.2351306869199 2.65556313963703 3.57438097632163 2.60263281726345 2.430574726514 5.1044099842034 2.21408584774342 20.6966095176619 -5.07085243308516 -0.714061424887383
-4.71138719008264 2.56286696933246 0.17417470382476 1.5431223220546 1.72001946089661 -3.70266886812685 1.0318623149349 -0.151867817192048 -0.819658782548713 -0.772616336637589 2.52599586894004 -0.441114569409455
0.865193672115304 -5.38885190353494 3.42179778719664 -0.746775653041143 1.85390248384039 -1.06921886280354 -0.093498865233207 0.352595740948185 -0.498059778072832 -8.16263160339384 1.7647990138645 -0.733771812984406
-2.66397840086439 6.41108348823915 3.5094207892213 -5.68355818544228 -1.09291327411044 -5.59961171594402 -2.06036493672809 4.07782072039972 4.0846103923354 17.2262365599868 -1.42115579071518 -1.75483486366604
5.1658499687285 -6.66164302181082 4.24615892917754 5.1901053796318 -7.87059745046757 -12.4153107733656 4.43152216725437 6.3409144014471 4.14994923740235 -0.396231357729592 -0.505100993663222 -0.589192391276316
0.693194081839349 3.01862890332771 1.4272306222161 1.30236661838777 1.49634854644715 -0.213747539045508 -10.2584987686537 -0.845756626683429 -0.770626411177874 -12.5005942719265 2.34069691418979 0.408834509931626
-0.735255631546685 -0.194624019087298 0.223906308350732 0.962433853814005 -0.355693498987988 0.0307366327918395 -0.391470446050254 -0.260771924748044 -0.538880949299398 -1.6511375746212 1.22616471592519 1.57267722108034
1.59868986243668 9.27696058264149 -3.1395064082163 2.5622063379343 -8.2293129121744 -3.07509600774786 -4.22820348542795 8.94900638079416 2.18289284834232 7.7144123340167 -1.39463827389902 -2.15124404078042
1.35977359700035 1.80163581473291 -0.108501548036712 1.22095131065 -0.109564118437945 0.6344969257397 2.06313085854491 -3.92440400243281 -0.0110266196226193 -5.57826822342371 -0.238760751897149 1.62567970693829
1.26626815925668 1.57150099776793 2.3404631362885 2.11248249096428 2.57086423702432 0.819671045096868 -5.83608412021136 -2.9365982043941 0.561454209627275 -2.72207920800165 0.125768888853649 1.36204469966574
5.72721248688791 0.71430677967152 3.52894105124654 -0.0614983396083695 -3.09816325296107 -8.34020196672228 6.74355914849536 -3.0536202281426 -1.29649051035939 -10.4811698373518 3.10314442527253 4.90765479082316
-0.481137059749036 2.26252607761128 1.96929549146205 3.01556885867802 -16.7486528958713 -0.177245984658433 -0.336946137327926 1.21587179379241 3.52196910800745 15.1462518936931 0.543857891466568 -2.695471733162
1.12455894878924 -11.0649772741142 6.54175669163254 6.03983588773668 2.65870641543359 3.28095571353172 -1.40320912751789 6.37355405104256 -0.281286790005513 0.865980777862521 -1.32763776831185 -0.439792077834784
-1.91646275297984 2.71162356420299 5.19038848582139 2.75095098385909 -10.0357009636578 -9.34288307144558 0.394578642392066 5.39855271951255 4.74628845855019 -4.82161483867973 0.733709770788258 -1.31747313038092
12.2979551508332 -11.7931916864009 -3.97352058440303 -6.30084066306771 -2.02898253065339 -0.94352132321669 21.956029470123 -0.173605632499441 1.66820920611062 3.23175682149835 1.06799848550095 -1.31732665849329
4.0857738328032 4.94569808129267 -5.68806374884309 3.36459025672174 4.20324142209609 -1.88857331764546 -14.2438924910697 1.70804627782182 3.01620860936897 7.12151449029677 -0.52926681150707 0.724256292435262
-8.09762038928813 10.7414342268292 2.81070855369781 -4.33741818899206 -6.33046227499563 -7.65206037257381 1.68437719388272 8.12820708636694 3.2400186526464 5.43615789458321 -0.771767955528427 -5.86128514206637
-1.37199308137046 -1.97712811358388 -0.903394957558726 -4.16914874888577 7.15546026604232 0.519605383883249 -2.49163814206868 6.05899996421954 2.18185735086685 14.1476381438809 0.452665754340834 -4.20710731796076
-2.76571701988805 5.53875416723621 -0.537897587170255 4.15572490347547 -2.03661614096109 1.06362370454025 2.29402407041488 0.453518880936125 -2.34832583211906 4.97777845536252 0.487459410907385 2.8562699096858
2.58654284364719 0.701927353666573 -2.09149376059427 -2.43850625122505 0.218077344376782 -0.61923793560866 0.919243918584149 0.237191041046099 0.375887492347678 1.09299069526134 2.54774982954918 1.00404297904753
-0.272199405090932 -1.63087889456501 -2.99329032838032 -0.596195625783311 -1.34885504744581 -1.73952546783516 4.23843552076943 1.0834323574701 -0.141077678634021 1.5897955311478 -0.721426405613767 -0.721997685666393
9.78774749868576 -2.1023453910932 3.78536398356902 -8.13926974331088 -7.04252437567821 8.4526458250395 -6.42941353824838 2.22900144936089 -3.57249769671434 0.969101136130642 -0.950576358759057 -0.466778089472546
1.97909634050055 1.67059780885424 1.86734553528888 -0.304297180952682 1.07572988166321 0.625401212378407 -0.821861862382421 0.190354946891472 -0.157887017767213 -6.20586364213271 -0.122855555222069 1.33278178160928
-2.25183474488338 8.58145283855866 3.20343173199194 -4.39371681204183 -7.00124348899836 -3.52288495284767 3.00664709982735 3.56960161954719 -3.19624280082499 3.64878189546268 -0.158344396134973 0.00170855665833357
0.723970922219482 -8.88708844732392 1.76535022305655 0.641219577558654 -1.69946561132707 2.02442610053836 1.60935867542567 -0.558864639686478 -0.761852566355482 1.48536732909167 -0.519693245974179 -1.07616004478174
-0.338596570939816 0.552770543874008 3.9362477421998 1.1773295007892 -8.29966722756473 -13.536086293756 4.13705273894058 4.9361094241853 2.23305010864447 2.31764690606567 -0.0978845502412122 -1.22371171883424
1.26121963702785 -6.99882664470708 -5.02194494641246 -13.0723009147155 0.542892241156073 -0.196150431322564 23.4146513781092 -1.07356483988016 4.0906018661262 -2.30448966390987 1.53468398611253 -1.53903870541871
1.01339262695514 -1.52090452330561 1.34578791669753 2.74762314144902 -7.49873529025366 -0.013956302957514 1.44088328133904 0.57985128787232 0.471842986534903 2.07713810715181 0.252509749580152 -0.318520815303982
-2.54700624283117 0.0293512088391014 4.36346706552843 5.78918700597409 -3.95267565402498 -5.35262765657585 9.8112023870238 4.92792173564238 -0.438500062971465 3.41681721328767 -2.67243630981405 2.10664077261793
-0.292099877323639 -6.29684990204708 -2.75318867247285 -0.240734095578869 -0.0883047155562664 2.40448861832442 5.24575559286345 -1.19696805588568 4.46830796673146 -0.308042706028801 1.00602971999059 -1.56931458145245
2.66894673641158 1.10578578626765 -2.62708025640677 6.28389125019138 -0.481278429994407 -8.17505653874283 -4.2707989245053 3.7655084667017 -0.16399700101629 12.560755493523 -2.31918503149213 -1.06432794515137
3.60449567362203 6.15529016849905 0.307812405990588 7.75334947431949 -4.46211406259091 -7.53499784655151 -7.84737287347548 3.94052805915643 3.93348651739238 13.6698364016126 0.181151041841113 -2.39630617740926
-0.554931213972054 1.39889671730369 -2.7799312107203 -1.58032562329411 -2.2702036941245 -3.05506713365908 9.38980372478654 1.85591347311024 0.912809678421929 6.06190298827133 -1.33710789435698 0.276669370839143
0.954950390770884 1.46315344869973 2.23770078746397 2.89363526563399 -5.13687524011379 0.837160701415809 -4.48094443879335 -3.0988875999856 0.333837444631093 -0.874725398072728 1.15920858609505 0.477200364506597
-0.871178704020976 0.659520313917601 2.8602580950155 1.11156581322364 -4.72574320362858 -13.84925528918 3.20156031624322 6.52851218713329 3.50611226402116 11.1353930964116 -0.185374421755342 -0.61007575198008
3.44090646221975 -2.16761425415475 5.92198431772278 21.0835075531939 -14.1742148794031 -16.0761000463497 3.58577355869115 6.09467460819918 5.98834475170862 6.19159170973952 -0.0383234179423812 -0.978183306407622
1.21279726912438 6.94098016184975 -4.14836564977376 13.1097020540897 -5.54752092129209 -8.09027688062485 -1.37179119564372 0.0203777291991337 0.960070856264801 -4.42864653012494 2.06822495726111 1.01606780143735
-4.31439695784729 -2.63006933261175 -0.132373055673063 3.02319753178441 1.99834105164588 3.95783717620098 0.947241712432657 4.3951175798279 3.47528559361148 6.47293836491229 0.00852537800400888 0.333968431975224
-1.52601741944428 -3.97115177257918 -0.606466398479833 0.535872701132174 3.24886088861564 -3.88369033004855 5.41130746918323 6.61487714681913 4.96183991130361 20.879889654672 -1.0864674115339 -2.53528779388766
1.30362383239007 -4.76521041550816 11.4517371664296 13.5739486975253 5.91311602734311 -7.10106397685511 -9.54202112949612 4.65623070493211 4.59243577481685 12.0212329067137 -2.3781167398042 -0.442102217089041
1.08178656949019 -3.35196702189614 -7.35291718258184 -11.0198685967337 -14.1872217867781 5.56479353978963 29.1233882478331 3.89196801008149 -6.14568054599929 5.34584818963351 -1.63617021463944 -2.0245904680454
0.808491699271225 -0.549882520668849 2.18137495228829 2.14380607421328 0.485673861772141 -1.26417584638018 -3.88850635056126 1.45536208535829 1.75704836917969 3.36502445963638 -1.07485449703659 -1.12485676516589
2.05241859601614 0.753628410669804 0.514010836566217 0.989826521922017 0.22851800624165 -0.19020508639739 -3.60302354235744 0.195134450454038 -2.97174888164734 -0.769342948963451 0.516532382276348 1.60767910728399
2.0446020715196 2.9206501475067 1.8734529290969 3.1484799358354 1.05427809782905 -1.45871312758105 -3.11349340141224 3.78376683745244 2.47337973825072 5.56465574297364 0.750571054909189 -2.00166350554973
0.531819877823309 14.3036860164191 4.2136491372586 0.599602753862081 -6.63335297249668 -1.85020210663945 -12.8953347575899 1.79852612391223 1.93208008786159 -6.45885222969712 4.11262728302833 -1.6650115810773
-9.80275095579306 5.89110950156299 -0.7908319520132 -0.111457615049211 -5.86414232898905 -8.14896500200066 5.34639127503102 6.54886139003237 -1.73060265377016 10.0683643770567 -0.271563927300112 -2.23890857066806
4.37240107220025 14.1485574993235 -4.53870783078282 9.46341396040247 8.87180621593291 -5.76350769729535 -12.339744909739 2.28300716919286 4.01527262300501 4.50311531758718 0.500746086553084 -2.69702150047422
-1.34976186683913 -14.9673075736345 8.13864484154321 6.91857605429339 -7.831913057608 -4.46501523607924 10.1679618720933 4.85582605470581 0.192343776623318 5.60479649579233 -2.15550959235298 -0.693071854255391
0.617365053116262 -2.76595075874708 7.59806351629679 -2.67321953600846 3.52629475231594 -3.12115173461823 -1.58659496713463 4.79412252153308 3.13170153666821 2.89768534285204 1.52926552862782 1.18650900894886
1.79775781553656 2.42061035145844 -4.37944791810146 1.20885239036782 0.254487100270658 0.2523730592009 -0.273389488862552 0.274719632446645 0.362630692763394 0.914894368786958 1.4097824071237 0.40334231256396
4.63931174505987 -9.34982688397762 3.16449560745715 6.15567011348068 2.72810051824787 0.197770943259503 -6.31202978700835 2.59860768352797 7.62587303506683 1.42873320958246 -0.509298550198737 -5.25750619876033
2.49605065153631 -6.69057038753544 -1.21487535590482 3.99666113140544 1.23695393664152 -0.692125035811194 7.11230865781932 -2.09213796530508 -1.43621509165031 1.10539359293342 1.40579934499223 -4.75548257253872
8.99895620005907 -11.3570862220055 -4.24100446062219 3.7180550859311 10.7678702614604 0.779507292960729 -0.690181710335351 -0.648439777123923 -1.8677141382128 4.20448150082791 0.843361292450032 1.53068098906349
2.35033282209206 4.027255898852 0.901447122922586 2.68052313201733 0.96649874506907 1.50202744850043 -13.4117444983129 0.4644130210801 -5.04583469380894 1.4037203446054 -0.394718295303044 0.0318082607171575
2.0452195532913 -8.84144842377681 -2.18977234940624 -0.202128400318848 -7.39456227422817 3.51844464077513 20.060192350128 1.70497881315588 1.81889495637995 2.30677583937293 -0.0281771076176952 -1.13822426539563
1.04131203342312 -3.59151839282537 5.14739826670594 14.5864874523916 3.72711192879696 -4.41464618958328 -1.38808731442081 -3.78205027982757 0.352002411245745 -5.72198724424257 1.26661807890305 3.78922080506262
11.1341206290131 -2.26376997216601 0.208595187628985 7.75985316077422 7.52229785019853 3.8627491100203 -19.2697321433244 4.34594191141408 -3.34455264395915 8.89354597176279 -2.68720975849718 -0.645748323706204
1.76483886726421 -0.24653654348521 2.47298181538334 -1.0155557590688 -8.1229482644025 1.43260423462998 0.836598014594993 2.92870402922285 -1.38164999281878 8.11704320911817 -0.807744288916312 -2.99261937269473
2.8105158739089 0.92580078784844 -4.42324724615241 1.37743429967593 0.220435842263711 -1.0917776807524 -1.1080248176472 0.802714992632323 1.65866822306476 1.12233751949217 0.738973101863914 -0.347409455134187
6.18899838149112 -3.52012113208061 -1.09765033869313 5.88471959914202 -3.62341354315775 0.246994489417714 -0.866096957059214 2.14459947557847 3.110978813875 7.21499017884764 0.483905946294643 -0.981284939734232
0.948065767310529 -2.32873162412863 7.3333166833818 1.86914901316995 7.86959308276401 -0.808749352420058 -1.16944216810491 1.98119918347366 -0.420280324298683 -6.73290088304154 3.41416597354197 1.6751885904973
-8.05706332239772 -1.5320083024215 2.87182811958705 8.20388858998223 0.0993580599772682 3.87406190577908 -5.51419255085896 -0.716226864877638 2.15590216951276 1.07747176500771 -1.30237838474701 0.10903082135308
1.87980395791937 7.75062806168292 -8.42171728989724 0.0189885073692411 1.48267085779702 6.12979599203555 -13.0197742136396 3.10798352261692 -0.972874952946578 -1.52087558909874 0.0594016701679231 -3.20718221471951
-3.44369564784664 1.95675738588876 0.48251222504753 3.02169448305798 3.56435636132064 0.515866597567658 -6.57972811540295 -0.927480588371145 -2.59601798128653 3.8252092354341 0.975087672748471 2.42912831334283
-6.01966722155697 4.43240511512587 -1.09159890534874 2.65863725454725 -0.466519761172086 -5.48461555204333 -2.20932640350467 1.88591382734333 5.14615122155143 6.46308863737196 -1.64068793732108 0.380142223970891
9.35720860150013 -10.0017938791523 5.61889599643677 8.66631883112094 4.28015323484997 3.81922362363337 -9.0300577705308 2.81273488990886 -2.25205369628988 -1.89255191919397 -0.700051859981883 -0.643520835196802
3.72407199175962 -4.11774083248796 0.430916273189922 -3.74734939514186 -12.771120721317 -0.988589731104587 -0.129380284981692 4.08243010051017 -0.25271795667838 18.4580656491124 -1.88348890474993 -2.9225966119318
-1.35064408939366 1.23516556344311 -3.55578796080463 -1.43746195159936 0.488988736909421 -0.0501447971100486 4.05538510597209 1.05891724940758 -1.44237943746643 2.20036494172287 0.67007267875513 1.15967864322751
-4.67969946702328 1.30795285511302 1.35573281788145 2.10360650521638 0.0752258351065836 -0.53969331569356 2.65240957621302 -4.74350849864094 -0.194549170528867 -12.199124501775 0.926520701512206 3.49418931836596
1.02234795060367 -1.76814400134179 1.43045291804635 1.4604243438574 -4.28794947695855 2.00998436722044 0.222055708971251 0.520710188716475 0.331583672903707 1.52430039178307 1.69058892204868 -0.631694226395848
-0.252451996227405 -5.80963713890997 3.71342886712949 -6.86037496161798 -2.00184516050815 -1.22684926043607 1.54646312848523 2.1369218659237 4.98255865631494 9.76499799957497 1.3590323824128 -3.97581142612878
-2.35638339854871 -7.25238782349948 -1.74380713689994 -2.14695093146125 -7.54893560765084 0.439807918051968 20.9875920917239 3.20251679555188 0.453500914563508 17.3299236711918 -1.95066416602999 -0.634986737358109
0.161885451651861 13.5829318929014 -2.46179760595038 5.9802325139609 -9.68928021736803 1.54218880022877 -16.5732280760429 1.6393797559168 1.09707289823701 -0.543669515877037 -0.769467782509779 -4.65642872875225
5.03003573185588 -11.5560720071222 2.32479423339169 2.88946961808423 -2.95134295032271 0.940520089025711 1.59266582799415 0.358386132762606 -3.69806277268632 0.856253773596908 0.582532414087841 -0.221005189623264
-5.47023115436132 13.8112883099405 6.01886583777897 1.42105700077627 -8.52160067218315 -5.06977494373463 -4.8748110827973 0.684802546822064 -2.45324202699113 2.9531227432856 1.86725285754017 2.34141146938868
-0.100631925692743 -0.105091889039853 0.477515789745683 0.526236620713608 0.704311104667889 -2.74139594723256 1.78486462587758 -1.3231659752368 0.743179666972817 -0.788195565458938 0.0129117157555225 1.47626478138206
11.8820109088755 -7.73232514017387 -5.59304896102449 -1.84114674187265 -3.04665187404025 3.02125876165081 3.96817991946271 8.43575197537469 0.250582079486686 12.3924295782388 -2.84084742645104 -4.96147668810722
5.21998060813972 -2.02391556284915 -3.28870430627654 1.92789198926113 -1.96942504808373 3.44973608083712 -2.3416440915691 4.99493728831981 1.51236718302637 10.4481038499123 -1.49453004747445 0.489936946666398
7.41265984506874 2.81158246623429 -3.61084985909841 12.2200924587737 -3.69027014085303 -1.08999247614257 -5.01368015612348 0.0945804381916662 -0.266829978532554 -8.39941125324875 1.74958633424568 -1.72205419273642
0.0869289025966083 -0.213491135477592 -8.15390983671778 -1.03823850600843 6.6169016845166 0.401194900027983 9.65536766781526 2.90802477142141 0.132661889230459 3.43448370179968 -0.815546417982532 -1.64680469774813
1.79248154984444 -6.1117680535823 12.9547540039735 10.8949936653962 1.32802734876512 3.42109405628652 -17.3750928007381 1.84590048049812 -0.466478065626362 -9.46072765799421 -1.36063191345576 0.12238982004574
4.32779413879067 -13.384183501021 4.15065558304213 6.75764252953276 -3.75032486681746 -6.41737089922414 8.63405810665569 6.48927436316673 10.3172079345546 8.80852943325527 -0.348150135761584 -3.33893335171529
5.64671193137521 0.695662023598139 5.45444739188704 0.517359290276882 -2.84198930070388 -7.23856905776895 -0.741322436644493 -1.73688674000862 1.03914597426594 -1.56847755093693 1.15241210158494 -0.256284253136177
8.04701941802294 -0.549689966478109 -5.6917040324025 3.78144264471624 -3.01595414667221 -4.72443051518557 4.57336233060141 -1.12531168428616 -0.604456585806267 -6.59912916427366 -0.161772055069219 2.40957125354925
-1.73746667327308 -8.00460113673688 -11.3048626759742 -7.00073204419809 -7.13441005844163 5.22633387592585 12.2288561598558 4.81821551955928 -1.2671207361354 21.5764144706773 -0.0245563603127183 -5.07279346652783
-7.76596359758916 7.15467268343854 6.02942027895202 -0.0731055499373698 0.503011459584746 -7.47960876619643 -9.54662410311523 4.89737947998106 2.34593076410507 6.86081704993513 0.813318467536663 -1.93242706686233
-1.03500725905975 -0.131472293648244 -0.421816853399679 -0.41783692202269 -0.413683453295398 0.443278627136535 1.28710114930048 -0.107399599717358 -1.41200365584092 -0.529855491043548 -0.496640445156574 -0.226412069747463
-3.37710595724589 -6.88788920070645 10.4750120635978 -5.35924931543121 3.98694427807559 3.13348505728942 -0.672162792433295 -1.13420659022294 -7.18494725863421 -7.76177094100819 -0.672801993040331 -0.238461988097999
-5.31673782109074 -4.56289809416818 1.71796284310127 -0.941237476707795 -5.24932975246799 14.7606239662805 -1.24045859606656 1.90652597700324 -4.39583295496633 8.33558360342295 0.597215694247086 -2.50061305442385
10.4828612993201 -0.45159973679847 -5.5253476903019 7.24347449669047 7.72104955173307 -7.00739527294901 -4.73671647965473 1.86952922771252 3.93879888709066 10.2810091828874 1.64824906786903 0.464208007691067
-4.96529108453142 9.80375828770078 6.1514875519561 -1.97372386579988 -4.96868505818079 -5.45437561149815 -5.23176411695824 1.37821214393446 -2.36801189541572 3.27217653705165 2.74083477034827 0.2118191124981
-1.81751236170784 -0.943851335930454 -2.58066072617631 -0.817881746278526 -1.80277690215747 2.69265505117681 5.72463053357573 1.30586463582894 1.87480434768188 2.94982590058195 -0.775927053287642 0.259488932920982
-0.281664270411096 -2.35200198214791 1.44911670530352 -2.85005497258131 2.24196410270836 -0.399438212999686 2.85158468251369 0.596560374728423 -1.71732950880238 -4.91089204069791 1.04832508013497 -1.06807139862369
0.692225031869746 18.4456545195768 4.84492720183703 7.65316569469617 3.16604317223983 -4.64106217948646 -19.42507103055 1.13780575428221 -0.807064343441569 5.45251491913247 -0.406072171730851 0.934753189716001
1.04521578151969 3.45604109148067 -2.58838526628696 3.32807890868609 -8.96217800514606 -1.0422780704969 -14.7294260050662 5.04088281749682 5.17652539795916 3.04222614616403 0.260247566044375 -5.67646285697392
-5.95823824153089 4.48011335001808 -1.14259389937123 -12.8936426596404 -2.61709984425821 -1.17287065404847 10.7518713804229 3.70248146372165 1.84400685402587 8.52226087569059 -1.95184546272634 -2.34182091891099
5.21778455564192 -7.06184154638708 -9.36642978403811 9.90876727312633 0.14092747566842 -2.3870598721585 12.8190739055778 1.14066907927004 1.49631291278325 10.2254778624337 -1.68440686735657 1.29569035085295
8.90352323804092 -3.6259874991195 6.22063940743163 9.07614622188557 6.99722225532793 -0.474037393979408 -17.9041491721187 3.06797570473587 0.684044715305696 8.92286112646005 -1.50974024412053 -1.35432976588717
0.366737081406527 -5.39885949122173 -0.807717627471249 -3.52156365350238 -5.63047310093826 4.31144814086399 8.81188725873195 2.73125317973927 0.882097545547503 -2.39956951165116 1.27380128576915 -6.32967054003601
3.2422683024487 -14.4483918055445 -3.18916892694387 3.2583300747222 5.21591542042483 2.91785709847544 0.109157042303877 2.71650805837825 0.437179851742465 6.71583118962571 -3.2571685774533 -2.45254368011256
-0.166875944271874 -0.0188273980230713 0.887757843792515 0.860473602517234 0.496387381807736 -0.612649241277242 -0.10255117545021 0.237655740091385 0.219861693624151 -1.1069163699928 0.449081823956337 0.795288581223522
1.70735424843142 0.227638691443148 -2.1697335025413 0.349378971719329 -0.167144949511248 -0.623537260339898 -1.11648555137018 0.387173895490952 1.27628772004703 1.57243687814243 -0.150469943952552 -0.370071116184609
7.08886978312318 -12.5085750676368 -0.275377225436776 -7.67752645629163 9.30290914677577 -0.835478821525905 10.1160964054735 1.89458919788495 4.27091469299648 18.2052245154448 -4.53256922277949 -0.13680719836862
7.78530537015601 -16.1811791690226 -0.63873706925449 -0.338707265158008 -5.44950072979664 -1.82131665384619 10.3629259089476 3.96490175987121 1.41829558699787 15.3226004542205 -4.66685385593552 -2.39851131875866
2.33613026927631 -0.0603425832322297 0.775674608374042 -5.87639408797642 0.406915946278539 1.14286501902385 0.597283080232413 0.462408536915744 0.452170670045106 -0.590581055581189 -0.202173657270644 0.225189429340055
10.8710385745735 -0.873815710078636 0.416753046511443 5.55698840661945 5.46376760087056 -3.4255260830535 -4.82016371657503 1.71312682368614 -0.408045811863114 2.97991161970119 0.165454176205471 1.56178901770758
7.9734500707046 -1.73764548665718 -1.85020160080284 -4.74748140448438 -3.23220853354899 -1.28859240879277 3.55444454572218 4.45464986106701 -1.71944411463275 0.534760247104667 -3.12942754202241 -2.79314808343844
8.0749287288781 -11.6887612023428 1.38182201194306 9.92794405943986 -0.968296463533308 -7.97563667454708 8.21911386117563 1.07503744749744 1.14251403989362 7.67519766847791 1.12738539917841 1.3057811245486
1.62814837617842 -0.402250342130589 0.485828645848429 -2.18218957660368 2.00478830734956 1.32562708457278 -3.94583791204037 -3.18444104741043 -0.211786320532074 -19.2209335897438 1.03074106913134 2.53722648334006
8.76050134666858 8.51072043645314 -0.589560429416959 4.01504392516879 -4.99944829634981 -14.5417421794454 1.90817084356717 3.09901000095423 2.60892264755319 1.20249578894418 -1.22083419087843 3.55136444418369
11.2209625914266 -6.9355319467758 -5.86545136926825 -1.81527610543509 -1.33886036552908 -8.38401865946903 7.39074290135652 3.45858264771344 4.79794367264035 18.8865986094633 0.175792797054832 -0.417458742962458
0.678857069425193 2.15632881389671 0.0183546718034393 0.118649873945562 0.382251870426547 -4.62697540366123 -1.33829258682658 7.13266550403529 3.96167808961573 4.62842546381025 -1.24615624825791 -1.08892641257741
0.939554086148582 5.60767213002206 -1.11552890468216 -15.6940517762083 2.68964506853144 -4.35806307927945 -0.0607875364498875 6.39786702145326 0.671817855647847 19.9122025770866 -0.878499606799146 -3.16814040373069
4.22061073468083 10.545123237243 -0.228308783829844 3.46718917698288 -5.92601919174618 -6.43600637132568 -2.8171341330862 3.03874383495958 6.73506705622885 8.75060233829782 -0.796684733321983 -0.464651165588222
2.17026724271087 2.36750971691479 2.47601101605113 0.875102192567769 1.16522447910772 1.88039186151561 -14.0555259680852 0.471522705444521 0.239276100134808 -3.92355243476712 0.523960217085357 -0.375190572968203
5.40362706180901 5.42828738828722 5.10686875484029 7.61649638828884 -7.23782906065163 -8.4861217076052 -8.30895317203349 7.06484249487084 0.869797847883162 2.66521863582122 -1.52286544675899 -1.78660550587155
-1.10108757356472 1.64106000478457 -2.8065216070532 -0.681959694718964 -13.7918706995227 0.774966072206158 14.967914555878 3.21101240168825 -2.99622498612717 9.34743389253143 -1.26074711853679 -0.625227367179023
-4.24444389683128 -0.134344994124328 2.25882669363369 7.63354418085667 -6.26414572886559 -7.13119047640301 4.99421704001589 6.80596351633226 8.31463278733385 15.4785011637482 0.420093880981576 -3.58735881462026
-0.513509554079772 0.397470889578038 -0.689088980472351 -0.753763133353297 0.464738320345996 0.302539303525251 2.06976321253099 0.72796487931403 0.00118645526279193 3.62141219880283 0.528011225773239 0.196888030128722
2.61828689450199 11.9636443592976 2.41853519859878 -0.299810893782 -9.2579742183812 -5.90676209663341 -6.68896203931292 7.77591296318413 3.50863060627897 24.6488590196197 0.549462371388775 -1.87028791812685
6.83907086939506 -1.7413064089553 -8.34996015350609 8.6258533941062 -7.73993733356252 -11.8584095203865 5.82022888888759 8.83937458611108 6.19092479205883 14.4944255871721 -2.13130488775598 -3.20676900735855
6.34360611313718 7.13180385774967 -5.21754976681533 -5.58707721352265 9.87529663815394 -9.40502493824881 4.87511542368906 3.36362914197889 4.56013628843891 13.9973442940759 -0.703884842920363 0.709950808240724
0.595694241773012 -13.6096807813721 3.50133651511733 4.00367458989705 2.59288996928675 -7.24025082951611 15.4714726162135 4.31839977713015 -3.27817633285931 12.8999608210942 -2.04358294835163 -2.17231709567126
1.46054011142345 0.951660018413621 -7.85552897798172 13.4024976252091 1.23745870877541 -0.539025548841788 -9.29574643705516 0.442321313213013 -2.97984762614554 -7.80839774766916 -0.994861458537177 3.72617730159052
12.4473537956614 7.65950669032568 -1.83323956558078 6.21363555283661 4.16274303750605 -9.7947480434505 -15.8137955364766 0.167592541273784 5.76319819203623 3.18495736881192 0 -0.632102886990053
6.94747565985014 4.0934179348439 3.77991690819226 -0.864815658071411 2.49000953239541 -12.4786747936625 -10.1636694339841 2.40887177305317 4.25132718095996 0 -1.13950409008578 -0.821243414882016
7.5960681449238 -4.90695058709886 1.25945888916988 -8.73500273710389 4.02461644141227 0.581571806820977 -3.46180684710867 2.65317502524735 1.38026485845996 15.9809118256035 0 -1.01132997668033
6.95479457603182 -8.65148312482675 4.57312808770427 -1.58431460502922 -2.91739137397766 -9.13189768886703 9.91693066500051 5.9217845489849 3.77571398497664 24.3679992642928 -3.0181094470382 -1.0637359439485
3.99415718077597 -0.549756261164571 2.89261463668165 2.97443501233773 1.21750324399929 -0.944889995980029 -4.63702607593997 1.27703188702443 1.38921826892853 2.92441460756538 -1.24005561343849 0
-0.446774262305055 -2.699261323593 -0.533928637487645 0.658901118478408 0.314280619583266 -1.18331658147258 0.682343280037465 0 0.529532857718412 0 -0.587643510707541 0
-0.469385832755532 -10.7378957866209 10.924007355453 -5.48808799840334 -9.74082154183861 -4.62514180577889 10.7606637853813 5.54852609754677 1.30916581434886 5.28350782952511 -1.11581035846681 -3.6095462925997
2.41714667271258 1.96787867284655 2.53327203443036 2.3835514238634 3.18518942413117 -5.94776966594071 -7.42052051066715 0.146984295075129 1.1871624680117 0 0 0
-2.32803709636066 9.63671081236949 -1.30142227335078 5.39245069996343 -9.70896643538289 -1.60107863964422 1.44931866918192 4.92271155350044 2.95910856943304 0 0 -3.07788876904371
4.55048294456677 5.42143144112354 3.01185591984555 -3.9739724394831 5.44274393371163 0.747870949525556 -11.4880035414345 2.224590134035 0 8.61772168287919 -0.943130610387257 0
1.19940752065073 -4.24266823256419 0.498717177270169 0.59946193143826 -0.226550301469453 0.236021466053198 2.18480129184903 0.590386095105534 0.0381086127199837 0.274474778820287 -0.609557624123166 -0.379633177851028
2.01349501389981 1.16383560584982 1.90801630602588 2.35521208484385 2.82344010236422 3.2333139407968 -12.7536898239483 0.432751530746882 0.955782309817195 0 0 -0.202105611215185
4.66255855189032 -6.87598708733991 0.340966212513965 0.739567058496864 4.82281165474701 3.64970315862652 3.73797853355959 1.78359082989964 5.05833864517806 14.2401780058536 -1.14379582738131 -3.8762641067195
6.26475368227783 -4.39596345274814 -10.220580168559 2.4121680526593 -4.89400830092323 -2.32053297235262 10.6013919691583 2.50905707502115 2.57290572744756 11.6229670123579 0 0
1.12262473116508 -10.9045913585149 2.8938399081554 0.397878380512301 2.14123672280249 1.07007037855162 1.61175032819168 0 0 0.674939404109863 -0.0764016806987551 0
-4.69051927981201 0.820895816433622 -6.61143412028066 -8.447501380915 -6.18221641052433 10.2356295437418 8.26167857688736 3.04552929207041 2.84463930117166 16.8027658940951 -1.42399896569033 -3.7973261085958
-0.370502831185895 2.94448799902031 -0.512769260317831 -3.96188417971068 -3.76223124773137 3.46292569660474 0.673510357773243 3.56814469328912 1.65781427051124 1.65559503719495 0 -2.31374279242085
6.88214926518379 -7.49802238700554 5.36186159869039 6.69913965377673 4.66482353159259 3.11038054490688 -5.56306489681749 0 0 0 -0.293340311808622 0
-1.08309801305963 4.76082432057328 -3.76167954764204 4.51127517657155 3.42621919073708 -5.91140949066919 4.19275059615668 6.12617228323772 4.99044456179665 16.3955642226553 -1.03733628673509 -0.436163497174506
12.7211504419141 -7.75824849952207 -1.5899687868196 9.24272342207999 4.48524401415025 3.30517359547431 -7.66277048060907 1.9668158572214 0 0 -1.29314940470766 0
-0.216072091588835 -8.17435919165841 3.87524199790094 1.49754082365317 4.76372780532809 1.34722058331215 -3.43738986297807 0 0 0.56707103467647 0 -0.0368027115931405
1.2063367732959 2.13597565561748 -1.11759427675248 1.09605098069417 0.610419197726269 0.288791309077313 -1.13758091663773 0.706316126462913 1.29716344137282 1.12606418301171 0 0
-0.851373174656602 0.379679780622711 -1.37344901991826 2.20444233113659 4.35766130093017 -3.34075892137928 -0.208750265091904 0.895860958118199 0.0896874703699763 9.30501803278234 -0.530418784761904 -0.741733170383873
1.15571397915877 3.61258061197889 1.15141611510267 0.446629901302108 0.346201393614244 6.72153488272163 -10.1856792706743 1.11045242964376 0 0 0 0
8.71799834172828 -7.43311742317448 0.956703597348027 14.4205947068194 -6.07930375067229 -5.54333130358871 3.11274491057849 0 0 0 0 0
17.3821186773685 0.390438754308615 2.227851276111 14.0279848777787 8.59024651719819 -9.68150346217983 -17.3035100250925 1.48694861339425 4.0243339684238 18.9445132221263 -1.57373447713375 0
2.58308182248217 4.40924819786103 -5.46554490007157 -6.4949991240917 3.87768499477115 2.79619018658209 -3.31747988540067 2.33380317745435 1.73816644418227 0 -0.731681230193438 0
4.74679166276076 -5.08469989944831 -2.86172227711742 1.74946412561257 5.98413780507968 2.84827947883557 3.86254954227378 0 0.610048165867245 0 0 0
3.35497724659447 -6.25092438920949 6.13610031247978 -5.98618797667374 -4.6617133334762 4.86441856329669 1.41254414249428 1.25391217036868 2.78891490678099 8.08692610050978 0 -0.894594003086407
1.65148587448276 -0.215282391133439 3.60016179448025 0.179835970979042 -0.840457986547691 0.202191931565307 1.85088481986853 0.712159477563032 0 3.83330328598768 -0.112766284948012 -0.434887200304564
-2.86961395844742 0.492221342633086 -1.02614988449853 -1.46432393540159 -5.71480199466184 3.68728835109165 4.3253142931078 0 0 19.2320572576454 -0.674230303886928 -0.961025277355426
5.99554534503849 2.91623748983507 -5.3334460676651 4.73266071796042 -1.15438916474172 2.80387221646448 -5.33230366632775 8.25307012367918 0 2.97099923584284 -0.903407273178795 -2.97853562552325
-3.29613612549726 -6.01496588597696 -0.337871655751312 0.591641965637586 0.117552202257393 -5.48637119789504 5.34437564394417 3.88483835091657 0.738215073385062 8.51280940752794 0 -0.974243184819789
2.16198538201561 -1.98447879171146 1.00916301125566 -9.13019690095247 3.62262208449453 6.01071759737542 -3.03514339961357 0 0.76962481238142 0 -0.146161935766685 0
1.73011950765501 -0.714934129956105 2.0598018432272 2.74477451812054 1.46423182745134 0.0819442422241278 -9.20094559286663 0.879107313274673 0 2.47112028730698 0 -0.316280887206124
1.052669705559 0.923437401812649 -0.153332558446183 -0.379888026327357 -2.05365288149982 0.630197091813545 0.380096477845588 0.833495036011896 0 0.972197540444641 -0.779539714609587 -0.395544810657949
0.552710548370764 -10.8657087049298 11.6384120109516 0.232281847148698 10.7742851434724 -7.12789760573903 -1.5586985083914 6.01352656583558 2.87990116102379 21.0422726566642 -0.359716259061946 -2.93737503564675
3.84532833215765 2.50091725863885 -5.82164262086468 -7.12656719647669 2.26050311098887 5.35413291478907 -1.30856796964122 3.41929746826433 0 0 -1.87141913296172 -3.2367589062298
-1.70712055052062 -4.92567270773867 0.635736664745718 -8.63460043804111 -14.570070751755 9.17037512317868 17.763354756062 5.79084420809636 0 7.53657942191977 0 -4.48164818185483
6.39832780143429 -3.68382489456025 -5.70272147750668 0.0292032308026905 -0.470694674348142 5.02583644874497 6.32058020936888 0 0 0 0 -0.229704608027416
3.61900431011835 1.25544877990218 3.58783056104693 6.02194924279362 11.235030921814 -1.84148876222608 -1.23909247368015 2.95981330385197 0.044359795938214 11.0122089443146 -0.747985787067817 0
4.2464431854142 -0.260158336446417 -6.61851866024905 9.57964441079991 4.50496516818171 -2.95863562932472 0.77393545585858 1.26920730046156 0.640164033495877 6.36192580085645 -1.71812996769746 0
2.97884596963086 4.07030962428905 -6.2468055627353 3.12626081976861 3.10904559072163 0.186740894721455 1.39015160486192 1.33192832248841 0 0 -2.07913320226721 -0.730818339468551
-2.56376905481783 8.13993892372052 -0.0699198784203219 4.12610139801729 -9.71539912095055 -4.98589480557549 -4.32633691026774 3.15281349627702 0 6.45522374795444 -1.2071798390968 -0.0118717146818164
6.90534204847994 -2.54413403517873 2.73575159474238 -6.89019920560838 0.29236726205428 -1.54237048008022 3.86229455988235 4.52510573782484 0 6.98415734565832 -1.17207786961814 -2.85753060141613
1.53388398868283 -1.31196270296994 7.55745534700238 6.97470942313734 -17.9322028600861 -3.98924584190505 7.04013835103277 4.60668006089923 2.51284905292576 15.7603385426848 -0.43743508152252 0
0.571334427127773 2.01919984135105 4.61420736994342 -10.6182052041056 -1.25976151457145 -1.87979147745885 -5.90128813412352 6.03442999911 1.47006097723372 4.61438784877303 0 -4.35587373971762
1.41937260824712 2.35713896506496 -2.43181493644235 0.715599504557988 5.66718444107066 1.55188089358123 -3.20956987512157 0 1.36144968644856 0 -0.618362131835965 -0.220259201239858
6.49500441231049 -4.41646505170347 3.75083170709687 6.35990434602713 -2.59893021933947 -10.9642926174473 7.34130638870559 4.51462218054505 8.9526456173187 10.47369078129 -1.00313283746583 -2.31223668799074
0.00121759394709581 -1.61376371290835 1.80480038259545 -1.10781801298623 -1.12007248217608 0.205236036561988 1.26187165589802 0.678449872010291 0 0 0 -0.682018227228639
8.89233243785462 -8.90849751009055 0.601025962582888 13.4521349781717 -13.1761976094942 -8.95045186731623 6.88122254044129 6.11699606954572 7.85609064237368 13.1086636015166 -3.69849040386025 -1.72088414432524
11.5079283857898 -3.82334311414169 -0.661976214311873 7.9871593798866 10.052941145426 -7.11788299953931 -9.47162850603164 0.60415041500249 1.20745774702907 8.10753020763363 -1.06057266174033 0
1.74432418817231 3.40593092377125 -4.40040964319724 7.10843829908991 -9.50929669875525 -6.94740297933203 5.29731971791242 0 0 0 0 -1.5003076418335
0.263480734424801 -1.98901433794049 2.34761040540214 10.1800573712469 0.0150187205368405 -18.0535101660764 8.07676684684129 5.55748907038686 6.45596852405698 7.07202830054844 0 -1.34109582105493
-3.18273581255101 4.0590868065506 1.30456964729187 8.5924524805342 -2.96331442572608 -4.81534283502918 3.34386963404325 0.203574442860318 0 0 -2.24116695810964 -2.04403505447797
3.70194426053905 -7.85304251922101 2.24444356940055 7.98869851956512 0.677346898633298 3.17796418196514 -12.430126052741 3.38968645595629 7.05591377864809 0.104518816597775 0 -2.49498489828471
-0.51882243782829 7.85588126089543 -3.79578942387879 10.3271606258604 8.91925005353714 -6.32840310246511 -3.70280520287148 3.6343308489721 0 0 0 -1.83791828466749
-2.2861358546952 3.18988353854069 -2.5952865507216 2.68157725823992 -11.4995868326189 3.32424182250189 7.10262127342552 0.924301988605855 0 8.48242857122522 -1.02651958524775 -1.25781984910494
-2.36575687588891 6.47602432438738 -1.80659043736648 -0.415495083123836 -3.85178454543829 -7.5050605836305 1.59628151952871 7.73832236639451 2.45169553611409 3.56552958545577 -0.482926799835953 -1.30641158724606
-4.03865191224461 -12.3667446004663 0.28648184023726 4.32831814753858 2.01665038641694 5.34245797668838 4.52493236372579 2.95345586568485 3.1532008852987 1.13210173420733 0 -3.25932395510907
10.394303036224 -9.37495942316056 -4.57363058000383 21.1643265315917 5.88811753253635 -4.25027323913814 -1.26805253559947 0 0 0 0 0
0.364770092079347 -0.222465761356414 0.276346042444157 -0.154290234160035 1.45825001627968 -1.31260029052024 0.0533021430127947 0.558636820652285 0 0 -0.299696243258642 -0.301109024342586
3.89303995060168 2.28941734646316 4.16536212627618 1.72355837997087 1.40733260772482 -6.64450231684473 -6.73082220284574 2.60181102820951 4.52066284577501 6.56480928426684 -1.01120195566702 0
-5.20970041231311 -1.58266923350385 -4.41747901641795 -4.93245403565966 -7.9231505854384 5.07305373986809 15.1230330421883 2.27216455988529 0.864774329790965 16.0466271612029 -1.64478095539133 -2.07786143949896
8.25150829425159 -7.04129843166953 1.82191920488179 5.6310433232153 5.16238275752262 5.45653342370391 -4.74109674920514 2.56004123750479 8.08001613851922 13.5267323034608 -2.36921470634617 -4.13496634456307
2.64798308150955 6.15682527511966 -2.31852773869284 10.5102021019469 -13.8927912837234 -11.3155841336062 8.13038647637363 5.49659950679195 6.51450959442348 12.7599302386415 -1.27719749906684 -1.3906385481159
1.06595047869808 9.90970447181314 3.05359428404489 10.2132703910277 -8.68397901363381 -2.60373784020833 -11.4523763291666 5.73557068627865 2.95370229924913 0 -0.314596024379592 -2.25339436442854
12.1122960996682 -6.53334461157831 6.56762088218884 18.0543955529943 -4.22569852026966 -5.51613838396621 -13.1128919454139 2.26866962619379 2.12250016173735 5.93517435710862 -1.49607439195516 0
1.29738386009174 -4.65400585832017 -0.233227832182372 -1.08867408152902 0.12863996371636 1.98284335413119 1.2451105121754 0.646365775449113 0 3.30690233308704 -0.340980487544671 -0.592279899321497
3.49331842722174 1.87360714452893 -1.33970537991242 -5.83126654372445 2.17850494221598 2.17345940343066 -1.35459683970845 1.14223421921464 0 0 -1.39087754367591 -0.317821451258348
14.3163955400895 -2.11766161199291 1.78185469103128 4.38782075651356 -1.07989835659613 -11.9878298081974 1.44825583217497 4.57462647684855 8.27386746296237 1.91380494938429 -0.887553261804415 -2.46475720849509
5.59836376458999 5.70942206582469 -2.28213553433444 14.2576188753239 -2.96573983490888 -0.726335820967283 -10.4105595352397 0.484533418763851 0 0.277888466465687 -0.431194735631233 0
-0.216348008910317 -0.486442017804316 0.286845015406965 -0.161558335746847 0.879636463451947 -0.81950731236171 0.130670913274177 0 0 0 0 0
-1.8734462333716 -4.13983318754207 -0.30344002007244 -5.71522186991893 3.68610502851318 1.23124443169752 1.9039060997674 2.87095888798777 2.49048741787689 0 0 -4.73345528220834
-1.5901290543136 -4.52285617626764 -6.18200024303012 5.46271705611855 -4.10760243114223 0.224353639681368 9.58536424344808 5.85174283336268 2.79024487983113 3.50662507257805 0 -3.77236947537874
7.90094711380745 -11.9950803477022 6.42065321658386 -1.42155338304967 -2.46838546941067 -2.54735941202815 4.57663442089165 7.63738760498104 4.95486785035386 17.13076153976 -5.25342234159144 -3.07227215325226
-1.09412342891894 -13.1567124455376 0.637600465887274 3.44813749416994 5.72377180822745 -2.78510794573485 16.2027324098063 0 0 0 0 0
6.04640166973414 -7.18269615816144 4.28689663136254 2.96404397850049 -2.47738625313962 -1.89973334854762 -0.73365552433737 2.60908564110241 5.27235258671079 4.62162888568726 -0.889806737564255 -0.789134687717013
6.94891842700386 11.6838864537406 9.84805397149491 16.6784361390415 0.313198979773447 -4.66216765983368 -20.5046467997316 1.6697016572316 7.56079949738073 0 0 0
-1.43293024232575 3.44722735739397 3.53189315294893 1.47435232259862 -2.50354502604296 -0.621500824531382 -4.30949031586361 4.91644259235157 0 0 0 -1.57562098049007
-1.30000196541816 -2.79667206407379 3.40949438718135 6.37410180923446 0.0411037798247064 3.57812124504984 -5.76856407491389 1.12922579440771 3.63045157990978 0 0 -2.78508305205507
5.04468916057377 -4.8129159690539 9.41779620595215 0.741728788204852 -6.17997244036477 -4.95293311809841 -8.90486898556417 2.26000152085412 5.7980578245948 11.716443690476 0 -0.930181671899621
-0.519526347855725 -1.19699998863044 0.581326680134581 -2.71912482548519 -0.0444220337283888 5.79727536058041 2.96603338789299 0 0 18.1824697854982 0 0
0.824677773120997 0.150510287259991 0.083254320409849 1.03940049011646 0.12094228717247 -0.868594986606074 -0.277945809662278 0.710543456877159 0 1.3138095191132 -0.457540182950719 0
4.19279143110401 2.35496094579743 -2.38513811546117 -3.18277764177668 2.76327356133741 2.19650771224681 -6.40487068161531 2.24965020905205 0.657446184418163 0 -1.22364881306181 -2.04141201251938
-4.01470120551226 -7.45084827814798 2.65497838622501 3.6149174065341 -6.86337928069021 1.77353727087267 -0.419786058265373 3.6170945550014 0 13.1224755339602 0 -2.56175944796064
1.41142819243804 -3.62668751026203 -1.79330976267983 9.44759140009361 6.3700813659377 -1.10543392222501 -11.0505359295 1.18846631977729 8.14950592551799 2.12127976898237 -1.84661195878993 -5.09625276382706
9.47863793473265 -12.2820324495438 -4.05819888685088 2.69904234129299 -0.48696015770207 4.76482080333579 -0.0197495769403522 3.10524489365779 3.2623900279467 1.77876222862716 -3.99369960539032 -2.41637860951077
1.53157470845396 8.49140249998359 -10.405631542278 6.33041453684837 1.03629711100708 1.9725048057097 -5.17658544747248 2.61458319135326 1.50674046228182 0 -0.958345872947475 0
0.818132997111512 -1.97429370667282 1.22786861352245 -2.1108073353279 -1.09539277835282 -2.79315867847419 3.71935199724936 0.69822516645483 0.416252617880081 0.681591969177579 -0.543619995990272 0
3.05115532386013 -1.25667760405645 0.97325241024802 1.57965977176921 2.68160069067624 -1.01892187862224 -7.68715598209975 0.44440762226146 1.30674779166351 2.07396952795704 -0.418764492866696 0
1.86898477915882 -10.4847998200637 -3.54825823292628 -0.985660476736518 1.16658909262377 -5.56690424942178 2.11625585487277 4.8226370136355 4.37312699608323 12.8856589294605 -3.92300577724281 0
-1.63130324285523 -0.0671984089270781 0.197065909957971 0.8026675050258 -0.0676058209309654 0.390298494464084 -0.0579919129164052 0 0.564161878533316 1.24193843678764 0 0
2.8175186686446 -4.08743237845028 -1.13283901360842 5.74830680997512 0.854762388225406 -1.33959662106053 -2.55167388033951 6.19415357226336 2.62056553465179 12.3203741011426 -1.89005553583132 -2.27168743778257
1.85307061570558 0.993821853180146 1.17988249954721 1.91525705470518 3.38485906870052 -3.33122528401765 -1.66098134807421 0.786837578643503 0 2.71633489713656 0 -0.0168670181737685
4.73763205688095 -15.2332891200609 1.44148764911475 2.06839168646 8.23471397129124 -5.09367274792987 10.4114944602969 6.96439951139183 2.80252912528906 15.4612169122762 -3.33699170860648 -0.736244302336516
-0.115076328576991 -3.67596131510687 -2.80701026031769 6.34791612620669 -5.98601752781367 -2.71034089988416 7.52788342135062 1.42956400421856 2.16108722008958 0 -1.64529627806712 -0.167700761687276
1.32069515485996 3.83806115705133 7.74846113188534 11.306003305998 2.91793557506264 -9.7633517718758 -12.629066548177 3.21801164644428 9.82255122364762 16.4844117245336 -1.70814448473963 0
0.213296960599761 -11.0439137918439 -6.96926833950705 2.67516656005093 -7.55479376899385 -1.71150909397843 11.5121581619042 5.9583186057467 2.51888002768019 6.09316672980214 0 -3.25539346572964
9.54166511279731 16.0863626147814 1.22795325156577 2.44356974138403 6.19724684919651 -3.44682422077992 -14.7943622167972 2.52238170406583 1.86897997636004 3.017346815401 -1.28626812051545 0
4.7699051099426 -3.11871824384214 4.2351306869199 2.65556313963703 3.57438097632163 2.60263281726345 2.430574726514 5.1044099842034 2.21408584774342 20.6966095176619 -5.07085243308516 -0.714061424887383
-4.71138719008264 2.56286696933246 0.17417470382476 1.5431223220546 1.72001946089661 -3.70266886812685 1.0318623149349 0 0 0 0 -0.441114569409455
0.865193672115304 -5.38885190353494 3.42179778719664 -0.746775653041143 1.85390248384039 -1.06921886280354 -0.093498865233207 0.352595740948185 0 0 0 -0.733771812984406
-2.66397840086439 6.41108348823915 3.5094207892213 -5.68355818544228 -1.09291327411044 -5.59961171594402 -2.06036493672809 4.07782072039972 4.0846103923354 17.2262365599868 -1.42115579071518 -1.75483486366604
5.1658499687285 -6.66164302181082 4.24615892917754 5.1901053796318 -7.87059745046757 -12.4153107733656 4.43152216725437 6.3409144014471 4.14994923740235 0 -0.505100993663222 -0.589192391276316
0.693194081839349 3.01862890332771 1.4272306222161 1.30236661838777 1.49634854644715 -0.213747539045508 -10.2584987686537 0 0 0 0 0
-0.735255631546685 -0.194624019087298 0.223906308350732 0.962433853814005 -0.355693498987988 0.0307366327918395 -0.391470446050254 0 0 0 0 0
1.59868986243668 9.27696058264149 -3.1395064082163 2.5622063379343 -8.2293129121744 -3.07509600774786 -4.22820348542795 8.94900638079416 2.18289284834232 7.7144123340167 -1.39463827389902 -2.15124404078042
1.35977359700035 1.80163581473291 -0.108501548036712 1.22095131065 -0.109564118437945 0.6344969257397 2.06313085854491 0 0 0 -0.238760751897149 0
1.26626815925668 1.57150099776793 2.3404631362885 2.11248249096428 2.57086423702432 0.819671045096868 -5.83608412021136 0 0.561454209627275 0 0 0
5.72721248688791 0.71430677967152 3.52894105124654 -0.0614983396083695 -3.09816325296107 -8.34020196672228 6.74355914849536 0 0 0 0 0
-0.481137059749036 2.26252607761128 1.96929549146205 3.01556885867802 -16.7486528958713 -0.177245984658433 -0.336946137327926 1.21587179379241 3.52196910800745 15.1462518936931 0 -2.695471733162
1.12455894878924 -11.0649772741142 6.54175669163254 6.03983588773668 2.65870641543359 3.28095571353172 -1.40320912751789 6.37355405104256 0 0.865980777862521 -1.32763776831185 -0.439792077834784
-1.91646275297984 2.71162356420299 5.19038848582139 2.75095098385909 -10.0357009636578 -9.34288307144558 0.394578642392066 5.39855271951255 4.74628845855019 0 0 -1.31747313038092
12.2979551508332 -11.7931916864009 -3.97352058440303 -6.30084066306771 -2.02898253065339 -0.94352132321669 21.956029470123 0 1.66820920611062 3.23175682149835 0 -1.31732665849329
4.0857738328032 4.94569808129267 -5.68806374884309 3.36459025672174 4.20324142209609 -1.88857331764546 -14.2438924910697 1.70804627782182 3.01620860936897 7.12151449029677 -0.52926681150707 0
-8.09762038928813 10.7414342268292 2.81070855369781 -4.33741818899206 -6.33046227499563 -7.65206037257381 1.68437719388272 8.12820708636694 3.2400186526464 5.43615789458321 -0.771767955528427 -5.86128514206637
-1.37199308137046 -1.97712811358388 -0.903394957558726 -4.16914874888577 7.15546026604232 0.519605383883249 -2.49163814206868 6.05899996421954 2.18185735086685 14.1476381438809 0 -4.20710731796076
-2.76571701988805 5.53875416723621 -0.537897587170255 4.15572490347547 -2.03661614096109 1.06362370454025 2.29402407041488 0.453518880936125 0 4.97777845536252 0 0
2.58654284364719 0.701927353666573 -2.09149376059427 -2.43850625122505 0.218077344376782 -0.61923793560866 0.919243918584149 0.237191041046099 0.375887492347678 1.09299069526134 0 0
-0.272199405090932 -1.63087889456501 -2.99329032838032 -0.596195625783311 -1.34885504744581 -1.73952546783516 4.23843552076943 1.0834323574701 0 1.5897955311478 -0.721426405613767 -0.721997685666393
9.78774749868576 -2.1023453910932 3.78536398356902 -8.13926974331088 -7.04252437567821 8.4526458250395 -6.42941353824838 2.22900144936089 0 0.969101136130642 -0.950576358759057 -0.466778089472546
1.97909634050055 1.67059780885424 1.86734553528888 -0.304297180952682 1.07572988166321 0.625401212378407 -0.821861862382421 0.190354946891472 0 0 -0.122855555222069 0
-2.25183474488338 8.58145283855866 3.20343173199194 -4.39371681204183 -7.00124348899836 -3.52288495284767 3.00664709982735 3.56960161954719 0 3.64878189546268 -0.158344396134973 0
0.723970922219482 -8.88708844732392 1.76535022305655 0.641219577558654 -1.69946561132707 2.02442610053836 1.60935867542567 0 0 1.48536732909167 -0.519693245974179 -1.07616004478174
-0.338596570939816 0.552770543874008 3.9362477421998 1.1773295007892 -8.29966722756473 -13.536086293756 4.13705273894058 4.9361094241853 2.23305010864447 2.31764690606567 -0.0978845502412122 -1.22371171883424
1.26121963702785 -6.99882664470708 -5.02194494641246 -13.0723009147155 0.542892241156073 -0.196150431322564 23.4146513781092 0 4.0906018661262 0 0 -1.53903870541871
1.01339262695514 -1.52090452330561 1.34578791669753 2.74762314144902 -7.49873529025366 -0.013956302957514 1.44088328133904 0.57985128787232 0.471842986534903 2.07713810715181 0 -0.318520815303982
-2.54700624283117 0.0293512088391014 4.36346706552843 5.78918700597409 -3.95267565402498 -5.35262765657585 9.8112023870238 4.92792173564238 0 3.41681721328767 -2.67243630981405 0
-0.292099877323639 -6.29684990204708 -2.75318867247285 -0.240734095578869 -0.0883047155562664 2.40448861832442 5.24575559286345 0 4.46830796673146 0 0 -1.56931458145245
2.66894673641158 1.10578578626765 -2.62708025640677 6.28389125019138 -0.481278429994407 -8.17505653874283 -4.2707989245053 3.7655084667017 0 12.560755493523 -2.31918503149213 -1.06432794515137
3.60449567362203 6.15529016849905 0.307812405990588 7.75334947431949 -4.46211406259091 -7.53499784655151 -7.84737287347548 3.94052805915643 3.93348651739238 13.6698364016126 0 -2.39630617740926
-0.554931213972054 1.39889671730369 -2.7799312107203 -1.58032562329411 -2.2702036941245 -3.05506713365908 9.38980372478654 1.85591347311024 0.912809678421929 6.06190298827133 -1.33710789435698 0
0.954950390770884 1.46315344869973 2.23770078746397 2.89363526563399 -5.13687524011379 0.837160701415809 -4.48094443879335 0 0.333837444631093 0 0 0
-0.871178704020976 0.659520313917601 2.8602580950155 1.11156581322364 -4.72574320362858 -13.84925528918 3.20156031624322 6.52851218713329 3.50611226402116 11.1353930964116 -0.185374421755342 -0.61007575198008
3.44090646221975 -2.16761425415475 5.92198431772278 21.0835075531939 -14.1742148794031 -16.0761000463497 3.58577355869115 6.09467460819918 5.98834475170862 6.19159170973952 -0.0383234179423812 -0.978183306407622
1.21279726912438 6.94098016184975 -4.14836564977376 13.1097020540897 -5.54752092129209 -8.09027688062485 -1.37179119564372 0.0203777291991337 0.960070856264801 0 0 0
-4.31439695784729 -2.63006933261175 -0.132373055673063 3.02319753178441 1.99834105164588 3.95783717620098 0.947241712432657 4.3951175798279 3.47528559361148 6.47293836491229 0 0
-1.52601741944428 -3.97115177257918 -0.606466398479833 0.535872701132174 3.24886088861564 -3.88369033004855 5.41130746918323 6.61487714681913 4.96183991130361 20.879889654672 -1.0864674115339 -2.53528779388766
1.30362383239007 -4.76521041550816 11.4517371664296 13.5739486975253 5.91311602734311 -7.10106397685511 -9.54202112949612 4.65623070493211 4.59243577481685 12.0212329067137 -2.3781167398042 -0.442102217089041
1.08178656949019 -3.35196702189614 -7.35291718258184 -11.0198685967337 -14.1872217867781 5.56479353978963 29.1233882478331 3.89196801008149 0 5.34584818963351 -1.63617021463944 -2.0245904680454
0.808491699271225 -0.549882520668849 2.18137495228829 2.14380607421328 0.485673861772141 -1.26417584638018 -3.88850635056126 1.45536208535829 1.75704836917969 3.36502445963638 -1.07485449703659 -1.12485676516589
2.05241859601614 0.753628410669804 0.514010836566217 0.989826521922017 0.22851800624165 -0.19020508639739 -3.60302354235744 0.195134450454038 0 0 0 0
2.0446020715196 2.9206501475067 1.8734529290969 3.1484799358354 1.05427809782905 -1.45871312758105 -3.11349340141224 3.78376683745244 2.47337973825072 5.56465574297364 0 -2.00166350554973
0.531819877823309 14.3036860164191 4.2136491372586 0.599602753862081 -6.63335297249668 -1.85020210663945 -12.8953347575899 1.79852612391223 1.93208008786159 0 0 -1.6650115810773
-9.80275095579306 5.89110950156299 -0.7908319520132 -0.111457615049211 -5.86414232898905 -8.14896500200066 5.34639127503102 6.54886139003237 0 10.0683643770567 -0.271563927300112 -2.23890857066806
4.37240107220025 14.1485574993235 -4.53870783078282 9.46341396040247 8.87180621593291 -5.76350769729535 -12.339744909739 2.28300716919286 4.01527262300501 4.50311531758718 0 -2.69702150047422
-1.34976186683913 -14.9673075736345 8.13864484154321 6.91857605429339 -7.831913057608 -4.46501523607924 10.1679618720933 4.85582605470581 0.192343776623318 5.60479649579233 -2.15550959235298 -0.693071854255391
0.617365053116262 -2.76595075874708 7.59806351629679 -2.67321953600846 3.52629475231594 -3.12115173461823 -1.58659496713463 4.79412252153308 3.13170153666821 2.89768534285204 0 0
1.79775781553656 2.42061035145844 -4.37944791810146 1.20885239036782 0.254487100270658 0.2523730592009 -0.273389488862552 0.274719632446645 0.362630692763394 0.914894368786958 0 0
4.63931174505987 -9.34982688397762 3.16449560745715 6.15567011348068 2.72810051824787 0.197770943259503 -6.31202978700835 2.59860768352797 7.62587303506683 1.42873320958246 -0.509298550198737 -5.25750619876033
2.49605065153631 -6.69057038753544 -1.21487535590482 3.99666113140544 1.23695393664152 -0.692125035811194 7.11230865781932 0 0 1.10539359293342 0 -4.75548257253872
8.99895620005907 -11.3570862220055 -4.24100446062219 3.7180550859311 10.7678702614604 0.779507292960729 -0.690181710335351 0 0 4.20448150082791 0 0
2.35033282209206 4.027255898852 0.901447122922586 2.68052313201733 0.96649874506907 1.50202744850043 -13.4117444983129 0.4644130210801 0 1.4037203446054 -0.394718295303044 0
2.0452195532913 -8.84144842377681 -2.18977234940624 -0.202128400318848 -7.39456227422817 3.51844464077513 20.060192350128 1.70497881315588 1.81889495637995 2.30677583937293 -0.0281771076176952 -1.13822426539563
1.04131203342312 -3.59151839282537 5.14739826670594 14.5864874523916 3.72711192879696 -4.41464618958328 -1.38808731442081 0 0.352002411245745 0 0 0
11.1341206290131 -2.26376997216601 0.208595187628985 7.75985316077422 7.52229785019853 3.8627491100203 -19.2697321433244 4.34594191141408 0 8.89354597176279 -2.68720975849718 -0.645748323706204
1.76483886726421 -0.24653654348521 2.47298181538334 -1.0155557590688 -8.1229482644025 1.43260423462998 0.836598014594993 2.92870402922285 0 8.11704320911817 -0.807744288916312 -2.99261937269473
2.8105158739089 0.92580078784844 -4.42324724615241 1.37743429967593 0.220435842263711 -1.0917776807524 -1.1080248176472 0.802714992632323 1.65866822306476 1.12233751949217 0 -0.347409455134187
6.18899838149112 -3.52012113208061 -1.09765033869313 5.88471959914202 -3.62341354315775 0.246994489417714 -0.866096957059214 2.14459947557847 3.110978813875 7.21499017884764 0 -0.981284939734232
0.948065767310529 -2.32873162412863 7.3333166833818 1.86914901316995 7.86959308276401 -0.808749352420058 -1.16944216810491 1.98119918347366 0 0 0 0
-8.05706332239772 -1.5320083024215 2.87182811958705 8.20388858998223 0.0993580599772682 3.87406190577908 -5.51419255085896 0 2.15590216951276 1.07747176500771 -1.30237838474701 0
1.87980395791937 7.75062806168292 -8.42171728989724 0.0189885073692411 1.48267085779702 6.12979599203555 -13.0197742136396 3.10798352261692 0 0 0 -3.20718221471951
-3.44369564784664 1.95675738588876 0.48251222504753 3.02169448305798 3.56435636132064 0.515866597567658 -6.57972811540295 0 0 3.8252092354341 0 0
-6.01966722155697 4.43240511512587 -1.09159890534874 2.65863725454725 -0.466519761172086 -5.48461555204333 -2.20932640350467 1.88591382734333 5.14615122155143 6.46308863737196 -1.64068793732108 0
9.35720860150013 -10.0017938791523 5.61889599643677 8.66631883112094 4.28015323484997 3.81922362363337 -9.0300577705308 2.81273488990886 0 0 -0.700051859981883 -0.643520835196802
3.72407199175962 -4.11774083248796 0.430916273189922 -3.74734939514186 -12.771120721317 -0.988589731104587 -0.129380284981692 4.08243010051017 0 18.4580656491124 -1.88348890474993 -2.9225966119318
-1.35064408939366 1.23516556344311 -3.55578796080463 -1.43746195159936 0.488988736909421 -0.0501447971100486 4.05538510597209 1.05891724940758 0 2.20036494172287 0 0
-4.67969946702328 1.30795285511302 1.35573281788145 2.10360650521638 0.0752258351065836 -0.53969331569356 2.65240957621302 0 0 0 0 0
1.02234795060367 -1.76814400134179 1.43045291804635 1.4604243438574 -4.28794947695855 2.00998436722044 0.222055708971251 0.520710188716475 0.331583672903707 1.52430039178307 0 -0.631694226395848
-0.252451996227405 -5.80963713890997 3.71342886712949 -6.86037496161798 -2.00184516050815 -1.22684926043607 1.54646312848523 2.1369218659237 4.98255865631494 9.76499799957497 0 -3.97581142612878
-2.35638339854871 -7.25238782349948 -1.74380713689994 -2.14695093146125 -7.54893560765084 0.439807918051968 20.9875920917239 3.20251679555188 0.453500914563508 17.3299236711918 -1.95066416602999 -0.634986737358109
0.161885451651861 13.5829318929014 -2.46179760595038 5.9802325139609 -9.68928021736803 1.54218880022877 -16.5732280760429 1.6393797559168 1.09707289823701 0 -0.769467782509779 -4.65642872875225
5.03003573185588 -11.5560720071222 2.32479423339169 2.88946961808423 -2.95134295032271 0.940520089025711 1.59266582799415 0.358386132762606 0 0.856253773596908 0 -0.221005189623264
-5.47023115436132 13.8112883099405 6.01886583777897 1.42105700077627 -8.52160067218315 -5.06977494373463 -4.8748110827973 0.684802546822064 0 2.9531227432856 0 0
-0.100631925692743 -0.105091889039853 0.477515789745683 0.526236620713608 0.704311104667889 -2.74139594723256 1.78486462587758 0 0.743179666972817 0 0 0
11.8820109088755 -7.73232514017387 -5.59304896102449 -1.84114674187265 -3.04665187404025 3.02125876165081 3.96817991946271 8.43575197537469 0.250582079486686 12.3924295782388 -2.84084742645104 -4.96147668810722
5.21998060813972 -2.02391556284915 -3.28870430627654 1.92789198926113 -1.96942504808373 3.44973608083712 -2.3416440915691 4.99493728831981 1.51236718302637 10.4481038499123 -1.49453004747445 0
7.41265984506874 2.81158246623429 -3.61084985909841 12.2200924587737 -3.69027014085303 -1.08999247614257 -5.01368015612348 0.0945804381916662 0 0 0 -1.72205419273642
0.0869289025966083 -0.213491135477592 -8.15390983671778 -1.03823850600843 6.6169016845166 0.401194900027983 9.65536766781526 2.90802477142141 0.132661889230459 3.43448370179968 -0.815546417982532 -1.64680469774813
1.79248154984444 -6.1117680535823 12.9547540039735 10.8949936653962 1.32802734876512 3.42109405628652 -17.3750928007381 1.84590048049812 0 0 -1.36063191345576 0
4.32779413879067 -13.384183501021 4.15065558304213 6.75764252953276 -3.75032486681746 -6.41737089922414 8.63405810665569 6.48927436316673 10.3172079345546 8.80852943325527 -0.348150135761584 -3.33893335171529
5.64671193137521 0.695662023598139 5.45444739188704 0.517359290276882 -2.84198930070388 -7.23856905776895 -0.741322436644493 0 1.03914597426594 0 0 -0.256284253136177
8.04701941802294 -0.549689966478109 -5.6917040324025 3.78144264471624 -3.01595414667221 -4.72443051518557 4.57336233060141 0 0 0 -0.161772055069219 0
-1.73746667327308 -8.00460113673688 -11.3048626759742 -7.00073204419809 -7.13441005844163 5.22633387592585 12.2288561598558 4.81821551955928 0 21.5764144706773 -0.0245563603127183 -5.07279346652783
-7.76596359758916 7.15467268343854 6.02942027895202 -0.0731055499373698 0.503011459584746 -7.47960876619643 -9.54662410311523 4.89737947998106 2.34593076410507 6.86081704993513 0 -1.93242706686233
-1.03500725905975 -0.131472293648244 -0.421816853399679 -0.41783692202269 -0.413683453295398 0.443278627136535 1.28710114930048 0 0 0 -0.496640445156574 -0.226412069747463
-3.37710595724589 -6.88788920070645 10.4750120635978 -5.35924931543121 3.98694427807559 3.13348505728942 -0.672162792433295 0 0 0 -0.672801993040331 -0.238461988097999
-5.31673782109074 -4.56289809416818 1.71796284310127 -0.941237476707795 -5.24932975246799 14.7606239662805 -1.24045859606656 1.90652597700324 0 8.33558360342295 0 -2.50061305442385
10.4828612993201 -0.45159973679847 -5.5253476903019 7.24347449669047 7.72104955173307 -7.00739527294901 -4.73671647965473 1.86952922771252 3.93879888709066 10.2810091828874 0 0
-4.96529108453142 9.80375828770078 6.1514875519561 -1.97372386579988 -4.96868505818079 -5.45437561149815 -5.23176411695824 1.37821214393446 0 3.27217653705165 0 0
-1.81751236170784 -0.943851335930454 -2.58066072617631 -0.817881746278526 -1.80277690215747 2.69265505117681 5.72463053357573 1.30586463582894 1.87480434768188 2.94982590058195 -0.775927053287642 0
-0.281664270411096 -2.35200198214791 1.44911670530352 -2.85005497258131 2.24196410270836 -0.399438212999686 2.85158468251369 0.596560374728423 0 0 0 -1.06807139862369
0.692225031869746 18.4456545195768 4.84492720183703 7.65316569469617 3.16604317223983 -4.64106217948646 -19.42507103055 1.13780575428221 0 5.45251491913247 -0.406072171730851 0
1.04521578151969 3.45604109148067 -2.58838526628696 3.32807890868609 -8.96217800514606 -1.0422780704969 -14.7294260050662 5.04088281749682 5.17652539795916 3.04222614616403 0 -5.67646285697392
-5.95823824153089 4.48011335001808 -1.14259389937123 -12.8936426596404 -2.61709984425821 -1.17287065404847 10.7518713804229 3.70248146372165 1.84400685402587 8.52226087569059 -1.95184546272634 -2.34182091891099
5.21778455564192 -7.06184154638708 -9.36642978403811 9.90876727312633 0.14092747566842 -2.3870598721585 12.8190739055778 1.14066907927004 1.49631291278325 10.2254778624337 -1.68440686735657 0
8.90352323804092 -3.6259874991195 6.22063940743163 9.07614622188557 6.99722225532793 -0.474037393979408 -17.9041491721187 3.06797570473587 0.684044715305696 8.92286112646005 -1.50974024412053 -1.35432976588717
0.366737081406527 -5.39885949122173 -0.807717627471249 -3.52156365350238 -5.63047310093826 4.31144814086399 8.81188725873195 2.73125317973927 0.882097545547503 0 0 -6.32967054003601
3.2422683024487 -14.4483918055445 -3.18916892694387 3.2583300747222 5.21591542042483 2.91785709847544 0.109157042303877 2.71650805837825 0.437179851742465 6.71583118962571 -3.2571685774533 -2.45254368011256
-0.166875944271874 -0.0188273980230713 0.887757843792515 0.860473602517234 0.496387381807736 -0.612649241277242 -0.10255117545021 0.237655740091385 0.219861693624151 0 0 0
1.70735424843142 0.227638691443148 -2.1697335025413 0.349378971719329 -0.167144949511248 -0.623537260339898 -1.11648555137018 0.387173895490952 1.27628772004703 1.57243687814243 -0.150469943952552 -0.370071116184609
7.08886978312318 -12.5085750676368 -0.275377225436776 -7.67752645629163 9.30290914677577 -0.835478821525905 10.1160964054735 1.89458919788495 4.27091469299648 18.2052245154448 -4.53256922277949 -0.13680719836862
7.78530537015601 -16.1811791690226 -0.63873706925449 -0.338707265158008 -5.44950072979664 -1.82131665384619 10.3629259089476 3.96490175987121 1.41829558699787 15.3226004542205 -4.66685385593552 -2.39851131875866
2.33613026927631 -0.0603425832322297 0.775674608374042 -5.87639408797642 0.406915946278539 1.14286501902385 0.597283080232413 0.462408536915744 0.452170670045106 0 -0.202173657270644 0
10.8710385745735 -0.873815710078636 0.416753046511443 5.55698840661945 5.46376760087056 -3.4255260830535 -4.82016371657503 1.71312682368614 0 2.97991161970119 0 0
7.9734500707046 -1.73764548665718 -1.85020160080284 -4.74748140448438 -3.23220853354899 -1.28859240879277 3.55444454572218 4.45464986106701 0 0.534760247104667 -3.12942754202241 -2.79314808343844
8.0749287288781 -11.6887612023428 1.38182201194306 9.92794405943986 -0.968296463533308 -7.97563667454708 8.21911386117563 1.07503744749744 1.14251403989362 7.67519766847791 0 0
1.62814837617842 -0.402250342130589 0.485828645848429 -2.18218957660368 2.00478830734956 1.32562708457278 -3.94583791204037 0 0 0 0 0
8.76050134666858 8.51072043645314 -0.589560429416959 4.01504392516879 -4.99944829634981 -14.5417421794454 1.90817084356717 3.09901000095423 2.60892264755319 1.20249578894418 -1.22083419087843 0
11.2209625914266 -6.9355319467758 -5.86545136926825 -1.81527610543509 -1.33886036552908 -8.38401865946903 7.39074290135652 3.45858264771344 4.79794367264035 18.8865986094633 0 -0.417458742962458
0.678857069425193 2.15632881389671 0.0183546718034393 0.118649873945562 0.382251870426547 -4.62697540366123 -1.33829258682658 7.13266550403529 3.96167808961573 4.62842546381025 -1.24615624825791 -1.08892641257741
0.939554086148582 5.60767213002206 -1.11552890468216 -15.6940517762083 2.68964506853144 -4.35806307927945 -0.0607875364498875 6.39786702145326 0.671817855647847 19.9122025770866 -0.878499606799146 -3.16814040373069
4.22061073468083 10.545123237243 -0.228308783829844 3.46718917698288 -5.92601919174618 -6.43600637132568 -2.8171341330862 3.03874383495958 6.73506705622885 8.75060233829782 -0.796684733321983 -0.464651165588222
2.17026724271087 2.36750971691479 2.47601101605113 0.875102192567769 1.16522447910772 1.88039186151561 -14.0555259680852 0.471522705444521 0.239276100134808 0 0 -0.375190572968203
5.40362706180901 5.42828738828722 5.10686875484029 7.61649638828884 -7.23782906065163 -8.4861217076052 -8.30895317203349 7.06484249487084 0.869797847883162 2.66521863582122 -1.52286544675899 -1.78660550587155
-1.10108757356472 1.64106000478457 -2.8065216070532 -0.681959694718964 -13.7918706995227 0.774966072206158 14.967914555878 3.21101240168825 0 9.34743389253143 -1.26074711853679 -0.625227367179023
-4.24444389683128 -0.134344994124328 2.25882669363369 7.63354418085667 -6.26414572886559 -7.13119047640301 4.99421704001589 6.80596351633226 8.31463278733385 15.4785011637482 0 -3.58735881462026
-0.513509554079772 0.397470889578038 -0.689088980472351 -0.753763133353297 0.464738320345996 0.302539303525251 2.06976321253099 0.72796487931403 0.00118645526279193 3.62141219880283 0 0
2.61828689450199 11.9636443592976 2.41853519859878 -0.299810893782 -9.2579742183812 -5.90676209663341 -6.68896203931292 7.77591296318413 3.50863060627897 24.6488590196197 0 -1.87028791812685
6.83907086939506 -1.7413064089553 -8.34996015350609 8.6258533941062 -7.73993733356252 -11.8584095203865 5.82022888888759 8.83937458611108 6.19092479205883 14.4944255871721 -2.13130488775598 -3.20676900735855
6.34360611313718 7.13180385774967 -5.21754976681533 -5.58707721352265 9.87529663815394 -9.40502493824881 4.87511542368906 3.36362914197889 4.56013628843891 13.9973442940759 -0.703884842920363 0
0.595694241773012 -13.6096807813721 3.50133651511733 4.00367458989705 2.59288996928675 -7.24025082951611 15.4714726162135 4.31839977713015 0 12.8999608210942 -2.04358294835163 -2.17231709567126
1.46054011142345 0.951660018413621 -7.85552897798172 13.4024976252091 1.23745870877541 -0.539025548841788 -9.29574643705516 0.442321313213013 0 0 -0.994861458537177 0
