YRMON MADV MSALES 
0701  30102  86256 
0702  35154 102281 
0703  51816 102594 
0704  61716 120015 
0705  72576  88248 
0706  69383  98483 
0707  49685  67376 
0708  25450  83172 
0709  26311  85558 
0710  49987  79479 
0711  64285  57096 
0712  71732  45430 
0801  42133 106454 
0802  25122  64891 
0803  38036  98651 
0804  39035  80685 
0805  46337  77482 
0806  48270  69946 
0807  29441  68452 
0808  26499  73151 
0809  40565  66558 
0810  41648  88253 
0811  36644  67171 
0812  36870  58896 
0901  34001  51903 
0902  34389  83192 
0903  45836 104028 
0904  45902  93332 
0905  54647  69432 
0906  55213  69838 
0907  30933  80733 
0908  27870  79461 
0909  32578  95803 
0910  71822  77318 
0911  47567  73754 
0912  48623  54769 
1001  23381  84397 
1002  41216  81311 
1003  62919  94863 
1004  70809  98021 
1005  56163  84024 
1006  50739  75486 
1007  34031  79114 
1008  28201  75139 
1009  29406  82317 
1010  49453 103808 
1011  50476  66182 
1012  46466  51660 
1101  14742  74364 
1102  42036  77719 
1103  49964  93674 
1104  56251  86757 
1105  59019  97546 
1106  57552  76319 
1107  39383  72625 
1108  28288  76636 
1109  32591  86963 
1110  43396  66942 
1111  44606  70383 
1112  56997  49748 
1201  23939  76218 
1202  35101  91620 
1203  49971 101245 
1204  50348 104128 
1205  59133  84654 
1206  59856  76309 
1207  47637  86641 
1208  31977  84607 
1209  31544  93595 
1210  40478 106972 
1211  56642  73928 
1212  62639  72235 
1301  31003  96035 
1302  29314  93163 
1303  41199 104743 
1304  54081 124259 
1305  63129 112295 
1306  50440  97215 
1307  38157  96583 
1308  35549  97808 
1309  28747 100550 
1310  39593 110558 
1311  51457  86103 
1312  62293  65026 
1401  34181 104249 
1402  32956  89895 
1403  43690 100256 
1404  55426 107227 
1405  53593  96616 
1406  71443  91618 
1407  52848  90403 
1408  36541 101200 
1409  28908  75223 
1410  43594  87297 
1411  61754  70476 
1412  63149  74481 
1501  51664  84459 
1502  44848  86835 
1503  59731  97659 
1504  59187 101891 
1505  72200  90848 
1506  62340  92488 
1507  34225 102482 
1508  26999  80405 
1509  36789  89936 
1510  65039  92730 
1511  64427  86996 
1512  31730  80169 
1601  46217  85329 
1602  45684  85877 
1603  62808 114427 
1604  57246 103035 
1605  69582  98516 
1606  18979  98942 
1607  31061  86236 
1608  40531 100139 
1609  36581  91608 
1610  49338 102091 
1611  49415  91369 
1612   2993  96273 
1701  52551  92549 
1702  49199  91153 
1703  60168 125859 
1704  48208 113072 
1705  60427 116591 
1706  52989 100845 
1707  40656 110832 
1708  38858 134374 
1709  46110 110760 
1710  96014 132764 
1711 133280 105204 
1712  73311  95724 
1801  70629 122045 
1802  40651 160912 
1803  54009 182134 
1804  44788 178183 
1805  57434 149645 
1806  56288 144206 
1807  43462 159046 
1808  39606 185900 
1809  50077 216231 
1810  63210 231260 
1811  46561 176273 
1812  46058  74406 
1901  48972 235269 
1902  51969 158311 
1903  74170 202728 
1904  65456 158689 
1905  72450 164618 
1906  54642 161539 
1907  60345 166758 
1908  48214 200300 
1909 122061 223724 
1910 154315 202672 
1911  69673 191658 
1912  40122 156496 
2001  18314 189428 
2002  55691 197547 
2003  55847 268129 
2004  53455 203905 
2005  47768 187868 
2006  33593 164196 
2007  52101 148979 
2008  43310 174532 
2009 133238 167029 
2010 150535 188236 
2011 175014 169370 
2012  47208 143529 
2101  81858 208194 
2102  71888 208881 
2103 123963 239417 
2104  64696 232147 
2105 108368 220359 
2106  37145 186614 
2107  60107 177073 
2108  77594 205486 
2109 123026 231352 
2110 113159 257095 
2111 137452 182484 
2112  16663 164550 
2201 103714 230485 
2202  91909 222557 
2203 142039 259267 
2204 130864 242911 
2205 131684 225876 
2206 103759 220505 
2207  82002 228404 
2208  95985 220550 
2209 149859 249897 
2210 156461 247342 
2211 135280 214149 
2212  36650 164443 
2301 112356 271620 
2302 108201 263125 
2303 126764 304437 
2304 142126 276839 
2305 156484 268865 
2306 110981 255455 
2307 107566 238755 
2308 103538 279503 
2309 152665 264791 
2310 151683 296566 
2311 151754 266837 
2312  57984 198305 
2401 122616 288001 
2402 104054 306768 
2403 173304 337940 
2404 147288 307698 
2405 155400 296633 
2406 125019 269759 
2407 107849 250107 
2408 115332 251008 
2409 151341 277557 
2410 168090 302048 
2411 174393 246779 
2412  63437 216867 
2501 126257 293322 
2502 108756 289686 
2503 176192 319688 
2504 172522 283147 
2505 146344 288446 
2506 118118 245431 
2507 147337 254548 
2508 158142 290548 
2509 184798 312106 
2510 201636 337868 
2511 204836 298914 
2512  44593 224485 
2601  19183 257778 
2602  22067 228458 
2603 229064 291909 
2604 202423 253828 
2605 243749 220099 
2606 203157 233552 
2607 197475 247322 
2608 193609 242086 
2609 155721 278355 
2610 221819 269267 
2611 225788 233483 
2612  26791 164383 
3701  52400 143000 
3702  44800 113100 
3703   2300 123100 
3704   2200 115000 
3705   2500  90100 
3706   8800  88000 
3707  15100  84400 
3708  62000  99800 
3709 113100 114900 
3710 106700 114600 
3711  91200 102000 
3712  60800  78200 
3801  78000 108500 
3802  83900 123000 
3803  95300 149800 
3804  88400 136500 
3805  47300 127400 
3806  32300 100300 
3807  23400  94500 
3808  45600 111100 
3809  73800 133800 
3810  85500 158900 
3811  65500 138800 
3812  26000  90000 
3901  60600 124000 
3902  77800 115600 
3903  76300 143300 
3904 113100 135500 
3905  66000 130700 
3906  46200 102700 
3907  25100 103100 
3908  27800 107900 
3909  90100 117900 
3910  90100 138900 
3911  45800 111000 
3912  29800  92800 
4001  55500 117800 
4002   6000 119100 
4003  97800 124800 
4004  90000 164100 
4005  75100 172200 
4006  74300 136400 
4007  53900 143600 
4008  54800 146900 
4009  98100 171000 
4010 113500 181000 
4011  75200 159000 
4012  68200 131700 
4101  50900 194000 
4102  68800 150300 
4103 125400 183900 
4104 145900 194700 
4105  94300 180100 
4106  47200 173000 
4107  43200 163300 
4108  45500 172300 
4109 123400 202100 
4110 128600 223300 
4111  85800 170000 
4112  75000 154200 
4201  61600 171800 
4202  46700 171800 
4203 145600 195300 
4204 158400 195700 
4205 141700 190200 
4206  80100 201900 
4207  45100 200000 
4208  64200 199900 
4209 110100 208700 
4210 108100 225700 
4211  79600 205800 
4212  12400 169400 
4301  41600 182100 
4302  43400 188300 
4303 111400 207400 
4304  99500 202100 
4305  66200 186400 
4306  69400 190800 
4307 108400 216000 
4308 148800 242200 
4309 150300 249700 
4310 158800 263700 
4311 144000 256100 
4312  22600 217300 
4401  20100 221600 
4402  97900 179200 
4403 115900 205100 
4404 113400 194400 
4405  82900 211500 
4406  73900 196100 
4407  99600 213800 
4408 100300 215100 
4409 108500 233200 
4410 171000 275800 
4411  88400 237000 
4412  29700 135500 
4501  75000 274300 
4502  97200 220800 
4503 125300 261800 
4504 146400 243400 
4505  77500 214700 
4506  70300 193200 
4507  68300 238400 
4508  76500 217800 
4509 135600 189300 
4510 155800 254900 
4511  97300 183500 
4512  19800 144600 
4601  79300 226900 
4602  67200 167500 
4603 107700 194500 
4604 118700 175500 
4605  64500 185900 
4606  46800 155900 
4607  78800 191100 
4608  98200 195300 
4609 146900 211300 
4610 169100 211700 
4611  31000 146600 
4612   3300 114800 
4701  87000 161800 
4702  88300 161700 
4703 115000 168600 
4704  78700 149300 
4705  50300 138300 
4706  48400 161900 
4707  62600 162400 
4708  77500 163200 
4709  75600 186200 
4710  94400 225600 
4711  48800 138300 
4712   9900 102700 
4801 122900 181000 
4802  97300 171400 
4803  77200 166700 
4804  72400 160200 
4805  44900 133600 
4806  73400 141500 
4807  74400 162400 
4808  75600 172600 
4809  96300 179700 
4810  97700 172300 
4811  98200 146500 
4812  10300 121700 
4901 102700 160700 
4902 101900 165500 
4903 107400 193500 
4904  90900 165200 
4905  74300 163800 
4906  70300 142300 
4907  38100 148700 
4908 121900 170900 
4909 125200 188400 
4910 108100 213600 
4911  23000 146400 
4912  17600 125400 
5001 122600 148500 
5002 117600 170500 
5003 105500 183600 
5004  76500 160500 
5005  67700 151500 
5006  10200 137500 
5007  29200 133200 
5008 105200 143600 
5009 107800 149300 
5010 105400 168400 
5011 116900 131300 
5012   9800 108700 
5101  75800 146600 
5102 117600 133500 
5103 147000 171100 
5104  51300 150600 
5105  12500 130200 
5106   9500 113300 
5107  10600 120100 
5108 107200 129800 
5109  71800 148100 
5110 134400 186000 
5111  22200 142600 
5112   5700 116800 
5201 114700 151800 
5202 132100 165800 
5203 122200 177600 
5204 111000 161100 
5205  60500 160100 
5206   4400 142000 
5207   5000 141100 
5208  49700 135200 
5209 108900 172900 
5210 130400 174600 
5211  64100 146400 
5212  16900 137100 
5301 107200 164600 
5302 119300 162200 
5303 127200 187700 
5304 127200 166100 
5305  64800 162600 
5306  10900 148800 
5307  51100 138700 
5308 107500 164700 
5309 119800 169700 
5310 105400 173700 
5311  21100 145400 
5312   2500 111500 
5401 128000 129500 
5402 135000 131800 
5403  98200 172800 
5404  91900 153900 
5405   8700 132400 
5406   3900 126400 
5407   7200 116900 
5408  46700 147900 
5409 117000 163100 
5410  91700 154600 
5411  70100 145900 
5412  12800 108700 
5501 101400 117100 
5502 127400 140600 
5503 138800 161900 
5504 107100 150800 
5505  53700 152100 
5506  12300 134100 
5507   6000 124700 
5508  35100 126200 
5509 106100 141900 
5510  79100 155800 
5511  13800 122200 
5512   7700 105300 
5601 100000 124200 
5602 118200 136100 
5603 122500 166000 
5604  93600 171700 
5605  62500 137100 
5606   6000 129300 
5607   6100 128500 
5608  16900 121000 
5609  94600 114200 
5610 130600 158600 
5611  42600 144100 
5612   8800 126200 
5701 110400 126700 
5702 109300 127800 
5703 108000 154400 
5704 101200 153400 
5705  74500 133200 
5706   7800 120000 
5707   6600 131400 
5708   9400 118000 
5709  77400 126400 
5710  97100 131800 
5711  53600 101800 
5712  15000 143800 
5801  58000  77200 
5802 112100  90200 
5803  97400 126500 
5804 100200 122900 
5805  13800 131800 
5806   7200 119500 
5807   5900 110500 
5808  27000 109500 
5809  98600 129800 
5810  67300 148200 
5811  30400 116300 
5812  20900 107200 
5901  83800 105200 
5902  99400 110200 
5903 102000 135500 
5904  86500 132300 
5905  81900 129600 
5906   8300 112700 
5907   5600 117000 
5908  22400 105900 
5909  88100 111600 
5910  43600 121400 
5911  16000  96600 
5912   6800 108900 
6001  74900  91400 
6002  85700 108700 
6003  89800 118000 
6004  70500 116700 
6005  48900 121000 
6006   5900 109200 
